   0   6.06461
   1   5.56603
   2   5.11672
   3   4.71181
   4   4.34692
   5   4.01808
   6   3.72174
   7   3.45468
   8   3.21402
   9   2.99713
   10   2.80168
   11   2.62554
   12   2.46681
   13   2.32376
   14   2.19485
   15   2.07868
   16   1.97399
   17   1.87964
   18   1.79462
   19   1.718
   20   1.64895
   21   1.58672
   22   1.53064
   23   1.48011
   24   1.43457
   25   1.39353
   26   1.35654
   27   1.32321
   28   1.29317
   29   1.2661
   30   1.24171
   31   1.21973
   32   1.19992
   33   1.18206
   34   1.16597
   35   1.15147
   36   1.13841
   37   1.12663
   38   1.11602
   39   1.10646

