#  N              Simpsons               Milne         
0.69897  -2.642087769894574e+00  -3.145918465208279e+00
9.542425094393249e-01  -3.871101365772734e+00  -5.072262757059028e+00
1.113943352306837e+00  -4.579819791631948e+00  -6.149832271685507e+00
1.230448921378274e+00  -5.081133871559198e+00  -6.916156990902405e+00
1.322219294733919e+00  -5.469988733591862e+00  -7.460618034544417e+00
1.397940008672038e+00  -5.785937998641159e+00  -8.094049830692873e+00
1.462397997898956e+00  -6.054547160734125e+00  -7.750662464301519e+00
1.518513939877888e+00  -6.278315417182132e+00  -8.050273938088385e+00
1.568201724066995e+00  -6.485192350737251e+00  -8.838967377979587e+00
1.612783856719735e+00  -6.683727179501275e+00  -8.305558965601833e+00
1.653212513775344e+00  -6.832391926166117e+00  -8.068039477437370e+00
1.690196080028514e+00  -6.945700808590776e+00  -7.930482341434647e+00
1.724275869600789e+00  -7.145310611512794e+00  -7.995223837787674e+00
1.755874855672491e+00  -7.317979919407187e+00  -8.261599698277903e+00
1.785329835010767e+00  -7.383648692438283e+00  -9.054673339754400e+00
1.812913356642855e+00  -7.518671163389572e+00  -8.551045443693400e+00
1.838849090737255e+00  -7.567948935692315e+00  -8.333777627600655e+00
1.863322860120456e+00  -7.493423192830929e+00  -9.070875882244108e+00
1.886490725172482e+00  -7.910820365927747e+00  -8.600423512233444e+00
1.908485018878650e+00  -7.904286948489187e+00  -9.289900325646206e+00
1.929418925714293e+00  -7.884083015261331e+00  -8.322301916273000e+00
1.949390006644913e+00  -7.976846087246637e+00  -1.000755228989235e+01
1.968482948553935e+00  -8.531120349499254e+00  -8.076340131653335e+00
1.986771734266245e+00  -8.149773897325652e+00  -1.208877539002304e+01
2.004321373782643e+00  -9.435693030297923e+00  -8.778603681038957e+00
2.021189299069938e+00  -7.976306560002717e+00  -8.140835405316503e+00
2.037426497940624e+00  -8.447159445759345e+00  -8.757911851673716e+00
2.053078443483420e+00  -8.264140207079450e+00  -8.463156129527547e+00
2.068185861746162e+00  -8.320058010071563e+00  -8.878449726814214e+00
2.082785370316450e+00  -8.272317873065900e+00  -8.531361825611578e+00
2.096910013008056e+00  -9.110748533923019e+00  -8.449146267300110e+00
2.110589710299249e+00  -8.240363180214706e+00  -8.385796447179841e+00
2.123851640967086e+00  -8.714202389162823e+00  -8.506815013470659e+00
2.136720567156407e+00  -8.479791242472562e+00  -8.690057353533760e+00
2.149219112655380e+00  -8.612973018665771e+00  -9.331247426659461e+00
2.161368002234975e+00  -8.633577546034484e+00  -8.198876060045027e+00
2.173186268412274e+00  -8.613018667131822e+00  -8.882489823830319e+00
2.184691430817599e+00  -8.907775616091378e+00  -8.408360997882893e+00
2.195899652409234e+00  -8.543894512362877e+00  -8.733033503458284e+00
2.206825876031850e+00  -8.299071205867937e+00  -8.344246736542527e+00
2.217483944213906e+00  -9.733505356192616e+00  -8.988309789485498e+00
2.227886704613673e+00  -8.925499301186866e+00  -9.304695557791739e+00
2.238046103128795e+00  -1.061707061034403e+01  -8.467718716613025e+00
2.247973266361807e+00  -8.392841674066842e+00  -8.446101610813473e+00
2.257678574869185e+00  -8.601747240202847e+00  -8.596220103581855e+00
2.267171728403014e+00  -8.422165580492583e+00  -8.358614446416023e+00
2.276461804173244e+00  -8.320061173687693e+00  -8.082457223977277e+00
2.285557309007774e+00  -8.745942119128074e+00  -8.840905802541135e+00
2.294466226161593e+00  -8.526231906567805e+00  -9.087858141790068e+00
2.303196057420489e+00  -8.234945290820500e+00  -9.682026487748898e+00
2.311753861055754e+00  -8.946844893184704e+00  -8.974119703303003e+00
2.320146286111054e+00  -8.714835258747362e+00  -8.677923091693588e+00
2.328379603438738e+00  -8.598841701573667e+00  -8.735289619208515e+00
2.336459733848530e+00  -9.647096727422477e+00  -9.576901129457633e+00
2.344392273685111e+00  -8.605912547317310e+00  -8.393865837884100e+00
2.352182518111363e+00  -9.340481958373747e+00  -8.824876359713683e+00
2.359835482339888e+00  -8.711065583871262e+00  -8.795288468212537e+00
2.367355921026019e+00  -8.861345201212691e+00  -8.719913223956874e+00
2.374748346010104e+00  -9.110078734464505e+00  -8.916565711835760e+00
2.382017042574868e+00  -9.041907934548036e+00  -9.212942680546307e+00
2.389166084364533e+00  -8.484505166421773e+00  -8.415831060803823e+00
2.396199347095736e+00  -8.805422159906586e+00  -8.847801983843420e+00
2.403120521175818e+00  -1.103357996869397e+01  -8.762617356522645e+00
2.409933123331295e+00  -9.096604151915473e+00  -9.327322050655601e+00
2.416640507338281e+00  -8.286531897656532e+00  -8.333659464323896e+00
2.423245873936808e+00  -9.042142491772372e+00  -8.921465057004633e+00
2.429752280002408e+00  -9.320828920778666e+00  -9.193378808453648e+00
2.436162647040756e+00  -9.377679947067914e+00  -8.041626696676081e+00
2.442479769064449e+00  -8.670125625157548e+00  -8.214831770917728e+00
2.448706319905080e+00  -8.339104230818201e+00  -8.879039378250567e+00
2.454844860008510e+00  -9.037651156330281e+00  -8.010949582317926e+00
2.460897842756548e+00  -9.971856440410868e+00  -8.817065013352606e+00
2.466867620354110e+00  -8.064972867489363e+00  -8.475209497276143e+00
2.472756449317212e+00  -9.563522805879574e+00  -8.649229628944420e+00
2.478566495593844e+00  -8.557988773116358e+00  -1.006209780285625e+01
2.484299839346786e+00  -8.977360353080400e+00  -8.978739769760139e+00
2.489958479424835e+00  -8.582324924682455e+00  -8.641617548812505e+00
2.495544337546448e+00  -8.730272276799951e+00  -9.357584959036975e+00
2.501059262217752e+00  -9.423891240199369e+00  -8.899362435917244e+00
2.506505032404872e+00  -8.501042048674313e+00  -8.431815493983407e+00
2.511883360978874e+00  -8.723893550207688e+00  -8.651896575410822e+00
2.517195897949974e+00  -8.721206319995996e+00  -8.926808692182291e+00
2.522444233506320e+00  -9.147574718420824e+00  -8.644573295116585e+00
2.527629900871339e+00  -8.536376075950709e+00  -8.642048580011933e+00
2.532754378992498e+00  -9.306540122252494e+00  -8.774601892937154e+00
2.537819095073274e+00  -9.108812404765446e+00  -8.494379844426005e+00
2.542825426959180e+00  -9.027803581999621e+00  -9.445515807296168e+00
2.547774705387822e+00  -8.521715201098926e+00  -8.659592178147175e+00
2.552668216112193e+00  -9.528045002754446e+00  -9.510372384325850e+00
2.557507201905658e+00  -8.498093468256734e+00  -9.485227024152707e+00
2.562292864456475e+00  -9.454072000993589e+00  -8.660793667906665e+00
2.567026366159060e+00  -9.184918508516285e+00  -8.450226386790678e+00
2.571708831808688e+00  -9.324800584217972e+00  -8.399223797047489e+00
2.576341350205793e+00  -8.082548842718898e+00  -8.552310431535687e+00
2.580924975675619e+00  -8.557881619988629e+00  -9.406149001460809e+00
2.585460729508501e+00  -8.907071143115321e+00  -8.920275739469004e+00
2.589949601325708e+00  -8.984414785832671e+00  -8.834175043670237e+00
2.594392550375427e+00  -8.530952306449812e+00  -8.353741542531575e+00
2.598790506763115e+00  -8.927364881968451e+00  -8.811790671013176e+00
2.603144372620182e+00  -9.496326557843464e+00  -8.397514743847726e+00
2.607455023214669e+00  -9.364023885845524e+00  -9.105151498471717e+00
2.611723308007342e+00  -9.561305071077593e+00  -8.704598711250245e+00
2.615950051656401e+00  -9.206036933978384e+00  -8.457727982474285e+00
2.620136054973758e+00  -8.728821206481120e+00  -8.624416914442207e+00
2.624282095835668e+00  -9.375113717219284e+00  -8.869748706974276e+00
2.628388930050312e+00  -8.900235377862703e+00  -8.946567765081102e+00
2.632457292184724e+00  -9.202914283928814e+00  -9.597482394345844e+00
2.636487896353366e+00  -9.403901919834553e+00  -8.650041383425675e+00
2.640481436970422e+00  -8.385930118691373e+00  -8.402340540087096e+00
2.644438589467839e+00  -8.952879676030914e+00  -1.000732666248964e+01
2.648360010980932e+00  -8.569451517799870e+00  -8.450306041255100e+00
2.652246341003323e+00  -9.100096020115611e+00  -8.437350273375637e+00
2.656098202012832e+00  -8.968719258343942e+00  -9.180448869183161e+00
2.659916200069850e+00  -8.886195163195977e+00  -8.608730430794846e+00
2.663700925389648e+00  -9.265145492696471e+00  -9.731750049716645e+00
2.667452952889954e+00  -8.917240017670578e+00  -9.128711935527951e+00
2.671172842715083e+00  -8.575491602746299e+00  -8.441099422934398e+00
2.674861140737812e+00  -8.791788239110666e+00  -9.547496259516517e+00
2.678518379040114e+00  -9.456506211814327e+00  -1.044914945450706e+01
2.682145076373832e+00  -8.772078967270481e+00  -8.758882854515058e+00
2.685741738602264e+00  -9.011201516093211e+00  -8.861827592382562e+00
2.689308859123620e+00  -9.359150208752672e+00  -8.889392612166990e+00
2.692846919277230e+00  -9.197613433110847e+00  -9.090430182689257e+00
2.696356388733332e+00  -8.918961302698630e+00  -8.710037930585388e+00
2.699837725867246e+00  -9.217861179557463e+00  -9.237459559295823e+00
