# uniform1 uniform2 gaussian1 gaussian2
  0.948101 0.903446 0.955232 0.774464
  0.150617 0.779714 -1.308799 0.415862
  0.959307 0.665176 0.270276 0.523808
  0.360237 0.043926 -1.000356 -1.147939
  0.420220 0.922393 -0.053604 0.620761
  0.001802 0.228148 0.829464 1.135661
  0.130195 0.332483 0.088151 -1.189874
  0.808348 0.886204 0.295888 -0.802397
  0.065166 0.526183 0.003351 1.678200
  0.920673 0.305862 0.842446 0.977732
  0.222987 0.466417 1.671307 -0.636883
  0.991754 0.667048 -1.104505 -0.418508
  0.659414 0.054754 2.398692 0.449550
  0.419796 0.167507 -0.727126 -0.830996
  0.964548 0.811682 -0.737774 -0.589195
  0.444154 0.593354 -2.187531 -0.923820
  0.034038 0.731664 -1.611140 0.573591
  0.626661 0.063854 -0.257378 -1.171188
  0.232508 0.603175 0.957268 0.820300
  0.209653 0.307393 -0.559238 0.971762
  0.962671 0.217098 -0.112520 -1.605009
  0.679503 0.917358 -1.360604 1.097000
  0.160031 0.602124 -1.033656 0.920706
  0.088707 0.342115 -0.118650 -2.240541
  0.958203 0.053038 -0.100507 -0.385205
  0.642496 0.300127 -0.473041 1.158295
  0.775364 0.729990 0.506099 0.193316
  0.162730 0.875261 1.549672 -0.744564
  0.987436 0.755335 1.614108 -0.196241
  0.230460 0.265517 0.842013 -0.590797
  0.938355 0.942207 0.234275 0.068577
  0.405988 0.237281 -0.132946 0.368003
  0.334680 0.148373 0.592758 -0.892470
  0.150544 0.775398 0.231461 0.446148
  0.730522 0.687053 1.226086 1.843139
  0.610553 0.190320 -0.196988 0.809705
  0.688592 0.064010 1.961590 -0.990354
  0.705391 0.812754 -1.278472 -0.384476
  0.378400 0.097176 1.602941 0.875142
  0.858203 0.064923 -1.183965 0.947571
  0.331225 0.208272 -0.671951 -0.736984
  0.940623 0.981229 0.795198 0.249734
  0.890064 0.453310 -0.411355 0.278195
  0.179649 0.465239 1.092327 -1.803119
  0.526654 0.342492 -0.998777 -0.776762
  0.035791 0.371889 0.499899 0.344070
  0.510648 0.913801 -0.772810 -1.212147
  0.409365 0.106810 -1.225235 1.979463
  0.095991 0.720121 -1.007103 0.476169
  0.924550 0.776875 0.845025 0.169133
  0.093297 0.628183 -1.318431 -0.423622
  0.869123 0.373748 -0.070222 -1.237828
  0.908216 0.069627 0.325212 0.974810
  0.043848 0.654616 0.641813 -0.128026
  0.336524 0.503449 0.180797 -1.903111
  0.860334 0.960179 2.397888 0.948870
  0.987269 0.547896 -0.935734 -1.538314
  0.942087 0.971226 -0.096573 -0.182166
  0.080231 0.612059 -0.374459 0.737552
  0.472144 0.016234 -1.309463 0.301620
  0.966589 0.629261 -0.021427 0.908197
  0.404592 0.579021 0.644034 -0.354947
  0.991348 0.584338 0.191598 -1.341725
  0.087407 0.727589 1.033359 -0.909768
  0.390069 0.187598 0.828669 -1.005417
  0.617388 0.156845 -0.391111 0.923877
  0.042308 0.149061 0.814711 -0.365755
  0.802020 0.667402 0.000155 0.178548
  0.450781 0.998730 -0.385049 0.312217
  0.382277 0.680355 0.070503 0.132986
  0.919237 0.164919 -0.089814 1.291969
  0.396339 0.296817 -0.864462 1.292089
  0.761247 0.749413 0.500064 0.058902
  0.965059 0.339577 -1.976735 1.190030
  0.834644 0.416112 1.389544 0.632371
  0.489308 0.204403 -1.281922 -0.388213
  0.802800 0.702801 2.107341 -2.263643
  0.810636 0.719372 0.374320 -0.747570
  0.038553 0.274283 -1.967089 -0.272320
  0.148935 0.529391 -0.059992 -1.541518
  0.392683 0.096041 1.785995 -0.178836
  0.719245 0.527653 1.445202 1.022511
  0.984614 0.708674 2.592840 -2.655692
  0.002648 0.523509 0.587600 0.163337
  0.502178 0.374929 -0.588344 -0.514522
  0.979937 0.793238 1.293281 0.484070
  0.821200 0.099209 -0.374177 -2.016985
  0.894418 0.374435 0.210531 1.474287
  0.049211 0.973727 0.795721 -0.782504
  0.656546 0.192094 -0.220453 -0.721059
  0.775782 0.905577 1.255045 -1.333678
  0.943694 0.062898 -0.759190 -0.269973
  0.850670 0.526073 -0.978822 1.437827
  0.881436 0.874769 -1.497689 -2.744200
  0.397802 0.930574 0.098460 -0.567745
  0.559628 0.492407 -1.421322 -0.562948
  0.477949 0.682673 0.072319 0.631937
  0.296918 0.952787 2.087369 0.959299
  0.942698 0.559149 0.728215 0.793975
  0.877917 0.272902 -1.761147 -0.704024
  0.566362 0.741483 0.015149 0.017604
  0.951692 0.852655 1.102103 0.349968
  0.934431 0.479252 0.022417 0.285804
  0.256597 0.706594 0.599999 -0.607619
  0.860678 0.237165 0.781267 -0.833689
  0.503514 0.064130 0.850789 -0.498506
  0.380889 0.954641 0.950031 -0.052091
  0.672771 0.379531 -2.794322 -0.938432
  0.470944 0.595010 0.957229 1.964368
  0.012120 0.809656 1.262147 1.169445
  0.877241 0.341284 -0.907639 -0.565907
  0.495225 0.253041 -0.756887 0.651608
  0.786582 0.673697 1.538701 0.100952
  0.487687 0.941991 -1.459421 -0.834585
  0.253184 0.823765 -0.909685 2.856125
  0.975994 0.076216 -0.719186 0.448022
  0.843318 0.601659 1.246079 0.430262
  0.174947 0.364628 -0.892458 0.979430
  0.994587 0.305639 -1.236705 0.937919
  0.114637 0.870146 0.736970 -0.548544
  0.382336 0.978228 -0.692203 0.169320
  0.604479 0.399516 0.551225 -0.286692
  0.192892 0.349122 0.073174 0.448063
  0.714209 0.859200 -0.622129 1.497477
  0.422870 0.441425 1.141618 -0.011304
  0.220918 0.318442 1.126752 -0.720378
  0.962922 0.014085 -0.673714 1.403430
  0.793443 0.006240 0.223223 0.750918
  0.124394 0.139754 0.428133 -0.116786
  0.976298 0.638344 -0.565842 -1.314118
  0.459097 0.155168 -1.117419 0.420550
  0.246098 0.435802 0.921882 -0.606090
  0.912649 0.879122 -1.875875 0.283915
  0.440663 0.459500 0.620948 0.999893
  0.541325 0.778480 0.811380 -1.711655
  0.276819 0.370853 0.789081 0.428433
  0.367897 0.501284 0.375271 2.383443
  0.332062 0.275491 0.277354 0.803228
  0.036599 0.847158 -0.152056 0.083958
  0.364509 0.608938 -1.590668 -0.996662
  0.308423 0.295069 -1.403574 0.608906
  0.818635 0.909018 -0.009291 0.126962
  0.771774 0.904587 0.285323 -0.549772
  0.468458 0.500605 2.587797 0.414189
  0.304911 0.839860 -0.289478 1.465762
  0.430011 0.107342 1.330833 0.068336
  0.582011 0.825491 0.151351 -1.019105
  0.967247 0.208252 -0.784871 0.083655
  0.003975 0.247136 -1.929545 -0.604307
  0.759066 0.261231 -0.056584 -2.474754
  0.365115 0.507347 -0.909879 0.323717
  0.021189 0.528161 -0.158005 -0.926976
  0.115661 0.537653 -0.649725 1.576992
  0.264507 0.586036 -1.387737 -0.092286
  0.576361 0.678798 -1.788966 1.018695
  0.036909 0.553924 0.128880 0.521142
  0.217742 0.952656 -0.150186 -0.343864
  0.934113 0.070262 1.302675 -0.838102
  0.855319 0.552723 -0.730269 -1.126768
  0.702509 0.090200 1.853107 1.715842
  0.360582 0.834846 -0.662457 0.497329
  0.047073 0.124632 0.221223 -0.743167
  0.984883 0.028001 -0.208638 0.850189
  0.441336 0.805704 -0.962644 0.246046
  0.575985 0.204141 0.359917 -0.058994
  0.279802 0.347660 -0.925029 -1.556756
  0.051760 0.425371 0.026392 1.371756
  0.957613 0.391683 -0.420493 0.596222
  0.691034 0.110826 0.480818 -1.217790
  0.821429 0.560591 -0.422583 0.837154
  0.604576 0.014281 0.873336 -0.151878
  0.367224 0.880122 -2.083591 -0.187204
  0.481351 0.630220 2.094320 -0.381747
  0.283394 0.666211 -0.324444 0.315807
  0.539697 0.574813 0.369986 1.757500
  0.120491 0.556730 -0.704884 0.175000
  0.392553 0.009372 0.593197 -0.538729
  0.012380 0.687389 0.055172 0.685601
  0.613861 0.656330 -0.079705 0.294572
  0.190231 0.467455 -0.199157 -0.706095
  0.428786 0.133072 0.112544 -0.188444
  0.412080 0.818897 2.148124 0.955330
  0.351169 0.802541 -0.176052 -0.756006
  0.685241 0.555830 -1.416134 -0.283581
  0.783264 0.960646 0.912873 2.028531
  0.733400 0.622819 -0.517097 0.885114
  0.814163 0.838232 0.508702 1.048778
  0.523829 0.102200 -1.013224 0.733607
  0.231601 0.776293 0.582748 -0.393728
  0.339352 0.668336 1.005801 1.639117
  0.023598 0.779558 -0.825259 0.544361
  0.508480 0.379138 -0.253884 0.102655
  0.390827 0.314413 0.523299 1.102343
  0.289882 0.507807 -0.371126 -0.811817
  0.700249 0.055620 0.541170 0.452107
  0.954759 0.199817 -0.599352 -0.119714
  0.907746 0.724992 -0.584010 -0.818215
  0.694090 0.210728 0.816078 -0.106020
  0.769753 0.488941 -0.132677 1.291099
  0.840930 0.464823 -1.075534 -0.028804
  0.610261 0.728034 -1.003308 0.581722
  0.410987 0.644612 -1.132588 0.798486
  0.143199 0.707422 0.174734 1.648388
  0.637318 0.797058 0.781723 1.679307
  0.866456 0.058484 -0.630426 -1.097090
  0.805244 0.322764 -0.664289 -1.026239
  0.211041 0.730636 1.367567 -2.360292
  0.224112 0.412943 0.363348 0.430851
  0.439009 0.243347 -0.248234 0.860287
  0.452110 0.606878 -2.009419 1.184329
  0.633363 0.489874 -0.009076 -1.289764
  0.989380 0.735658 -0.800533 -0.762572
  0.886874 0.862487 -0.075646 -0.530172
  0.792621 0.973268 -0.384899 -0.079099
  0.611905 0.729854 -0.465311 -0.875932
  0.413696 0.583504 0.035573 -1.589476
  0.645721 0.327318 0.769801 0.171046
  0.518767 0.160198 -0.015147 -0.380294
  0.618404 0.646096 -0.791755 -0.077275
  0.861873 0.195916 -0.213923 -0.479542
  0.319363 0.272637 -1.667386 1.247585
  0.844114 0.495679 0.640286 -0.454198
  0.184287 0.006501 0.503311 -1.227307
  0.274665 0.853788 0.373373 0.524204
  0.439866 0.448979 1.653126 0.079030
  0.056645 0.295238 0.130138 -0.927856
  0.158460 0.750192 -0.801891 0.020174
  0.639714 0.629420 -1.334054 0.618211
  0.134862 0.047843 -1.653197 0.328770
  0.146404 0.485092 0.892722 0.310975
  0.252393 0.899344 -0.472397 -1.600551
  0.175758 0.086880 0.765171 0.838037
  0.091847 0.646324 -1.729217 -1.054843
  0.354116 0.728424 -0.528428 0.122443
  0.573692 0.717107 -0.852558 -1.645742
  0.589955 0.183401 -0.209483 0.211164
  0.684704 0.288273 0.627934 -0.127091
  0.397399 0.308215 -0.547353 3.086804
  0.334409 0.273246 -0.238982 -0.578623
  0.754381 0.804831 -0.125389 0.215386
  0.172234 0.513228 -2.291155 -0.893315
  0.254859 0.219996 -0.165627 -0.710968
  0.483852 0.278496 -0.165065 -0.302511
  0.367418 0.014393 0.412348 -0.803100
  0.315260 0.041949 1.431516 0.085170
  0.431466 0.119644 0.332688 -0.775369
  0.829243 0.686855 -1.474854 -1.029442
  0.268644 0.808158 -0.261441 -0.909162
  0.839650 0.578260 -0.474996 0.248107
  0.159444 0.450341 -0.488002 -0.241177
  0.254487 0.332948 0.622620 0.660027
  0.281966 0.536621 -0.910108 -1.090271
  0.320321 0.626140 1.120250 -0.841755
  0.911792 0.531347 0.107655 -1.202964
  0.141232 0.651123 -1.076756 -0.655079
  0.340737 0.887140 0.173817 -1.458450
  0.977799 0.877246 0.388552 -1.956542
  0.717416 0.352002 0.193461 -0.430713
  0.026059 0.200129 0.757675 0.517644
  0.646867 0.910860 0.017046 0.391576
  0.127835 0.285858 0.334228 0.206474
  0.676227 0.748864 0.273124 -1.998214
  0.423641 0.643720 1.526109 -0.609294
  0.825017 0.110930 0.138918 0.347398
  0.924623 0.751247 -0.570849 -0.757196
  0.473665 0.174809 -0.252830 -0.698760
  0.556161 0.870015 -0.890353 0.765696
  0.439163 0.882583 -0.481180 0.941573
  0.629859 0.212752 0.488870 1.450382
  0.827836 0.685281 0.913208 0.052268
  0.871392 0.546845 0.340865 1.905049
  0.951359 0.120459 2.122835 0.418965
  0.500943 0.272968 0.289708 0.728538
  0.252802 0.234398 -0.199801 1.061174
  0.510486 0.628027 0.333362 0.914297
  0.169300 0.554499 -1.261821 -2.074334
  0.064993 0.782521 -0.254907 -1.268325
  0.696500 0.055684 -0.268805 0.062334
  0.931916 0.000359 0.527384 -0.955485
  0.909073 0.226794 0.285764 1.425781
  0.709902 0.617485 -1.029426 -1.208815
  0.840863 0.044660 1.133478 1.958055
  0.156671 0.326918 0.040369 -1.124039
  0.599960 0.888188 0.847198 0.761349
  0.790480 0.851829 -0.063117 0.965445
  0.864932 0.271115 0.842902 -0.769444
  0.067115 0.589242 -1.169575 -1.690818
  0.623617 0.406813 -1.637037 1.546387
  0.855466 0.506153 -0.720058 0.305482
  0.944655 0.580029 1.056629 -1.319335
  0.249400 0.187590 1.052670 0.237846
  0.798133 0.759145 1.006486 2.252742
  0.349187 0.807872 -0.423007 -0.779929
  0.036570 0.886232 0.481606 -0.215809
  0.495290 0.156561 1.778564 -0.547472
  0.936847 0.245569 -0.067087 0.284293
  0.314604 0.446567 0.722347 0.719718
  0.842781 0.629662 -0.577323 0.716619
  0.867318 0.673291 0.947188 0.432178
  0.271068 0.263798 0.106043 0.603755
  0.464480 0.475705 0.246267 -0.239599
  0.091509 0.148527 -0.798633 -0.302464
  0.779429 0.364623 1.813563 -0.170247
  0.476825 0.526082 -0.026725 -1.052135
  0.673121 0.287066 -1.602549 -0.938963
  0.347005 0.075995 0.170568 0.555435
  0.509175 0.331691 0.443508 -0.922662
  0.135671 0.478409 1.803106 -0.678569
  0.421973 0.840869 0.287226 1.351837
  0.006592 0.749912 -0.522728 -1.927818
  0.808682 0.741398 1.136261 2.343731
  0.250811 0.102903 -0.717802 -0.261976
  0.755357 0.049876 1.035932 1.481144
  0.232293 0.122629 1.432038 -0.604631
  0.755160 0.366610 -0.758644 -0.420219
  0.963755 0.344312 1.110475 1.047268
  0.352617 0.951892 -1.560716 -0.973783
  0.540414 0.682333 1.288173 -0.234100
  0.013708 0.761083 0.076846 -0.147395
  0.497656 0.457839 1.783037 -0.188517
  0.649256 0.902058 1.147580 -0.805846
  0.400147 0.959870 -1.427391 1.600474
  0.023144 0.578420 -0.265739 0.762886
  0.566891 0.670197 0.416976 -0.704263
  0.388609 0.509651 -1.265366 0.606671
  0.722841 0.009546 0.044006 0.759275
  0.393848 0.305983 0.400946 -0.633473
  0.629446 0.589981 0.422568 -1.678791
  0.394467 0.755517 -0.635093 -0.128351
  0.750527 0.679137 -0.314792 -0.738098
  0.360199 0.211990 0.821837 1.363413
  0.674557 0.968785 -1.521283 2.163779
  0.331842 0.031314 -0.145189 -0.353478
  0.092006 0.829232 -0.759303 -0.864971
  0.695100 0.770759 -0.450563 -2.656976
  0.008332 0.098936 -0.041493 -1.464902
  0.855628 0.665005 0.824788 0.598344
  0.873670 0.890211 0.072956 1.785116
  0.424660 0.227391 1.237946 1.395814
  0.181397 0.341886 -0.077428 -0.370299
  0.946675 0.223469 -1.580409 -0.159003
  0.338395 0.140679 -1.320559 0.703723
  0.434319 0.744861 -0.373995 -0.306765
  0.216428 0.910758 -0.154888 1.369155
  0.253264 0.389435 -0.361571 0.906569
  0.419497 0.153394 0.217438 -0.239801
  0.940054 0.252281 0.075186 -0.009543
  0.777144 0.095482 -1.343895 0.910587
  0.493286 0.681424 -0.101442 -0.663329
  0.431772 0.958916 0.000834 -0.402143
  0.643528 0.756583 0.954098 -0.704396
  0.405613 0.482222 -1.331562 0.869204
  0.917212 0.049304 0.018873 1.475767
  0.190866 0.201821 -0.405045 -0.885238
  0.798415 0.427530 0.378298 -1.644854
  0.896176 0.254019 -0.857277 -1.330950
  0.545577 0.743485 1.221304 0.281074
  0.687054 0.854464 1.483341 1.095208
  0.707354 0.023699 -0.117508 -0.999860
  0.373388 0.561825 0.108499 -1.064427
  0.179628 0.560148 0.655548 -2.254509
  0.758047 0.729169 -2.261290 -0.859895
  0.323079 0.043382 -0.770248 -0.935488
  0.794503 0.964177 -0.728761 -0.621029
  0.785208 0.155579 0.427124 -0.679026
  0.238635 0.913019 0.545876 0.743740
  0.918367 0.305703 -0.201174 1.172308
  0.534942 0.306430 -0.195703 0.086057
  0.289744 0.558142 -0.402992 0.119173
  0.069310 0.252657 -0.688604 0.139480
  0.066785 0.430720 0.295997 -0.992524
  0.323061 0.787075 0.726158 -0.415510
  0.019228 0.804429 1.522531 0.028911
  0.282754 0.883778 0.871323 1.298829
  0.223437 0.948148 -1.062537 -1.253675
  0.430904 0.813768 -2.031660 -0.461988
  0.465980 0.731228 -1.212411 -0.624900
  0.287735 0.538052 -1.112956 -0.418193
  0.832417 0.304649 1.414162 -0.824845
  0.382391 0.573565 -1.528580 -1.534904
  0.091486 0.555285 -0.838306 0.480000
  0.946423 0.674494 0.897784 0.077993
  0.989820 0.229133 -1.837765 0.849531
  0.775939 0.840467 -0.056094 -0.840146
  0.268812 0.717962 -0.338244 1.028354
  0.217795 0.337739 -2.276709 -2.392440
  0.398789 0.627925 -0.260636 -0.871282
  0.567746 0.476620 1.742529 0.958508
  0.934407 0.178080 0.240639 0.435946
  0.298737 0.222381 -0.588641 -0.876380
  0.180920 0.579534 1.304354 -0.084744
  0.683606 0.914038 -1.299594 3.111789
  0.650420 0.208685 -0.439265 -1.544546
  0.962007 0.940920 0.298547 -0.559390
  0.357847 0.412235 0.223978 -0.249885
  0.869402 0.589351 0.912195 -1.530826
  0.168200 0.852699 -0.656257 0.578450
  0.091961 0.526267 -0.363063 -0.634439
  0.317738 0.323955 -0.355636 0.055033
  0.099423 0.228033 -0.508310 -0.881945
  0.304796 0.342735 -0.092905 -0.101975
  0.083777 0.251393 1.480321 -0.353685
  0.657865 0.939939 -0.434500 1.133325
  0.461321 0.712424 0.203976 -0.814733
  0.353298 0.036849 0.445121 0.584921
  0.024257 0.932105 0.222832 -0.139668
  0.496073 0.384358 1.205126 0.358676
  0.534697 0.342265 -0.922729 0.381010
  0.838693 0.616637 0.935617 -0.884779
  0.488841 0.155082 -1.851628 -0.271133
  0.117732 0.879735 -2.002367 -0.375282
  0.519581 0.134491 -0.202082 0.484408
  0.182738 0.010628 0.993397 0.236213
  0.197438 0.141526 1.103899 -1.123452
  0.718993 0.882690 0.126622 0.218469
  0.814442 0.347540 2.060351 -0.995448
  0.383277 0.521877 -0.030649 -0.510423
  0.015009 0.408104 0.874774 1.863959
  0.251461 0.861513 1.547045 -0.628242
  0.199705 0.723646 1.022105 -0.293089
  0.025319 0.302724 -1.047828 -0.040630
  0.002870 0.010058 -0.103403 -1.889185
  0.874979 0.294222 0.850245 0.667132
  0.487512 0.699687 -0.827944 0.373873
  0.016147 0.729562 -1.296530 -0.433231
  0.814128 0.903265 -1.263020 0.515750
  0.855990 0.234476 -1.199457 -0.121430
  0.401624 0.154573 0.546836 0.625995
  0.766552 0.258690 0.653199 -0.308397
  0.918206 0.053953 0.528459 -0.076014
  0.556528 0.698321 -0.869086 -0.990496
  0.437074 0.231703 1.314124 -1.387574
  0.011350 0.752247 0.339774 -0.406062
  0.868863 0.841508 0.807241 0.412028
  0.736211 0.721704 -1.728143 0.981107
  0.926469 0.551385 -0.864768 -0.112755
  0.281811 0.808166 -1.786233 0.484164
  0.164778 0.891585 -0.045547 -1.497125
  0.967882 0.361135 -0.193912 -0.145892
  0.996114 0.088471 0.611154 -1.253884
  0.790698 0.387333 1.469023 -0.449546
  0.664305 0.559294 -1.367279 -0.954590
  0.495204 0.702558 -0.969219 0.215661
  0.972885 0.670465 -0.670554 0.819668
  0.553498 0.077762 0.988136 0.370615
  0.816612 0.362137 1.084323 -0.842733
  0.226589 0.330589 -0.476922 -0.672347
  0.080343 0.308209 1.022805 -1.521759
  0.328127 0.699551 -0.956555 -1.480864
  0.117327 0.944622 -0.930997 -0.529987
  0.168482 0.211568 -1.392545 2.185858
  0.958545 0.946063 -0.366021 -2.560703
  0.732528 0.597604 -1.288166 -2.075076
  0.781944 0.166123 -0.559994 -0.307671
  0.520817 0.425737 -1.062646 1.803871
  0.904219 0.273084 0.451605 -0.027968
  0.934843 0.972641 -2.269468 1.407004
  0.234005 0.598838 -0.347865 0.419053
  0.458013 0.824995 -0.472069 0.552864
  0.151169 0.333948 0.834283 0.042555
  0.199709 0.369255 1.941658 1.249889
  0.781753 0.010514 -1.160255 1.246055
  0.632603 0.071781 0.217981 0.354736
  0.229456 0.001091 -0.476617 -1.152534
  0.273859 0.316200 -0.168096 -1.537775
  0.179257 0.944039 -1.660309 -0.560316
  0.573521 0.175062 1.157170 -0.946535
  0.606839 0.217491 -0.005203 0.922822
  0.449418 0.943072 -0.279339 -0.966883
  0.981917 0.830061 1.143055 1.006735
  0.062994 0.863373 2.330937 -0.675716
  0.322058 0.322530 -2.049352 -1.301623
  0.322398 0.987857 -1.381680 -2.024100
  0.824547 0.926536 -0.624909 0.228891
  0.589794 0.793401 1.189886 0.027767
  0.383065 0.687765 0.720806 -0.337956
  0.702199 0.359662 -0.108157 0.542194
  0.008388 0.470858 -1.232405 0.972702
  0.648012 0.243659 1.430104 -0.625892
  0.850067 0.100767 -0.636329 -0.770069
  0.810504 0.865960 -3.031783 0.011269
  0.197277 0.283133 1.791349 0.082347
  0.744965 0.029008 -0.803330 1.288647
  0.005754 0.600749 -0.232742 1.655042
  0.942938 0.410749 -1.826104 0.253147
  0.858490 0.637029 0.327922 -0.918014
  0.131356 0.803172 -1.432568 -1.157132
  0.488637 0.389208 -1.414826 0.227158
  0.535485 0.742129 -0.166349 -2.117913
  0.674857 0.413989 -1.233341 -0.035113
  0.119454 0.423724 0.170149 0.046335
  0.574648 0.520789 -0.721245 -0.490557
  0.650053 0.305938 0.292309 1.172945
  0.798179 0.216822 -1.568700 0.435528
  0.893139 0.825726 -0.116033 -0.721410
  0.930808 0.102236 0.549869 -0.797655
  0.482432 0.967593 0.163695 -0.844593
  0.644881 0.967576 -0.928533 0.746980
  0.551857 0.447613 -0.443822 -1.792018
  0.152736 0.529973 -0.166787 0.938284
  0.639788 0.727375 0.419650 -2.300590
  0.261800 0.955487 0.833090 -0.654039
  0.155926 0.715142 0.660261 0.800389
  0.605215 0.071328 0.406655 1.201825
  0.818522 0.660224 -0.567671 -1.962229
  0.839131 0.467392 1.107499 0.835904
  0.661791 0.638026 1.870074 -0.485789
  0.123310 0.831268 -0.342356 -1.320665
  0.359768 0.192693 0.820959 -0.735408
  0.505106 0.640926 -1.661922 0.534254
  0.413892 0.549446 -0.862238 -0.929997
  0.562261 0.194606 1.080610 -0.104240
  0.651656 0.568305 -1.484092 -1.175324
  0.378612 0.366712 -0.604903 -0.355368
  0.448033 0.276155 2.265525 1.156058
  0.703389 0.327184 -0.034864 0.533355
  0.541572 0.912880 0.568440 -0.116161
  0.631743 0.928882 -0.026599 -1.304801
  0.019439 0.664396 0.583496 0.259483
  0.853034 0.709967 -1.323898 0.883170
  0.699027 0.263064 -0.840196 2.223503
  0.385373 0.023616 -0.430856 0.307571
  0.384188 0.133772 0.098705 0.182366
  0.084753 0.286170 0.840262 -1.075689
  0.003836 0.489923 0.282856 0.570408
  0.449020 0.094881 -0.384795 0.783416
  0.171938 0.314669 -1.374078 -0.542211
  0.913325 0.504781 -0.184281 0.653426
  0.668136 0.423862 1.270177 0.194624
  0.270943 0.725089 0.624633 1.078212
  0.266109 0.389727 0.179944 -0.621219
  0.035503 0.063024 0.896246 0.964869
  0.391643 0.399959 -0.865312 0.290753
  0.722598 0.970325 -1.388779 0.950793
  0.748095 0.122200 0.837755 -0.920605
  0.565489 0.147854 2.139455 0.467703
  0.577936 0.656052 0.051570 -0.143616
  0.875241 0.703326 1.212239 0.610233
  0.015385 0.323857 1.346849 -0.333095
  0.946578 0.823584 0.953002 -0.579920
  0.785800 0.166895 -0.205378 -0.068318
  0.940246 0.200680 0.771187 -0.451635
  0.437552 0.984749 -0.487864 0.294925
  0.368621 0.388897 -0.718614 1.174115
  0.341040 0.935778 0.125657 -0.868124
  0.366021 0.263598 -0.257258 0.455582
  0.637973 0.022897 -0.539367 0.690666
  0.610375 0.859808 0.159296 0.195328
  0.386848 0.734660 -0.380378 0.043385
  0.890691 0.092292 0.871295 -1.508449
  0.334389 0.813077 0.995241 -0.943738
  0.414399 0.870002 0.409882 0.139839
  0.857993 0.647228 -1.885419 0.609579
  0.941215 0.500812 -0.211451 -0.104072
  0.741661 0.700669 0.121632 0.414555
  0.899607 0.318965 -0.575820 0.615618
  0.900089 0.941663 -1.096787 -1.604809
  0.876222 0.362032 -1.096868 1.236201
  0.375924 0.204833 1.734237 -0.233334
  0.321878 0.934616 -0.650159 0.396766
  0.664057 0.812518 -1.463644 1.268781
  0.546156 0.682792 -1.179092 0.747183
  0.274193 0.827895 -0.423116 -1.124774
  0.797052 0.930534 0.654212 -0.663137
  0.409567 0.317959 0.197213 0.056068
  0.554010 0.305999 -0.808818 -0.069929
  0.590870 0.520576 -0.725062 1.677633
  0.997405 0.993882 0.394623 -2.577392
  0.169908 0.667262 0.426392 -0.931273
  0.523457 0.567614 0.252793 -0.626178
  0.828398 0.901987 0.992810 0.339883
  0.193989 0.476613 1.109533 -1.520007
  0.070142 0.259090 -0.014890 0.557114
  0.740992 0.202504 0.436913 -0.202811
  0.514113 0.269668 -0.106266 0.383009
  0.124473 0.645771 -0.525780 -0.273976
  0.781801 0.454592 0.658635 0.723727
  0.179045 0.172579 0.080570 -0.908242
  0.497422 0.202546 -1.367956 0.986325
  0.108791 0.950423 -2.010172 2.613708
  0.940135 0.210828 0.572835 -0.440065
  0.106696 0.555913 -0.503006 -0.460270
  0.355425 0.616186 -0.884864 -0.278240
  0.617699 0.450236 0.350308 1.346296
  0.658080 0.954737 0.159811 -0.707045
  0.569023 0.282824 0.122100 -0.668280
  0.665776 0.405389 0.505541 -1.245275
  0.544347 0.104631 -1.813485 0.303232
  0.702945 0.211223 -2.032814 -0.623833
  0.777917 0.781082 0.888874 0.698327
  0.979127 0.336356 0.313239 -0.735845
  0.135368 0.461567 0.314249 0.973160
  0.852821 0.565699 -0.468116 0.659312
  0.614976 0.292322 -0.429833 -1.508771
  0.119745 0.870240 -1.099282 0.285924
  0.614559 0.737272 -1.037044 -0.091629
  0.020793 0.812735 -1.794313 -0.743318
  0.398770 0.562266 0.237135 0.015802
  0.561413 0.783373 0.976359 0.101993
  0.350140 0.110143 1.375199 -1.676027
  0.216390 0.263657 0.898074 0.230511
  0.359245 0.405117 0.494608 2.320004
  0.365670 0.412937 0.141610 1.649203
  0.387671 0.750350 2.140006 1.552126
  0.282441 0.971324 0.720362 0.750315
  0.437857 0.093477 0.469497 -1.813185
  0.903751 0.988723 2.009259 0.048449
  0.081171 0.218257 -0.169751 0.234415
  0.211012 0.498813 -0.377537 -0.541951
  0.021083 0.873972 1.784439 2.191000
  0.294723 0.797028 0.533014 -0.848483
  0.184662 0.760095 -1.070975 0.321716
  0.810213 0.569258 -0.148011 2.077457
  0.172413 0.641534 -0.647831 0.689700
  0.824282 0.129144 -0.955178 -1.330067
  0.537596 0.117771 0.040083 0.837263
  0.653324 0.117112 -0.472111 1.504707
  0.016281 0.097213 -0.995602 -1.197963
  0.816580 0.916187 -1.078833 -1.504867
  0.063666 0.057268 -0.040829 -1.104947
  0.807956 0.203174 1.168077 1.373650
  0.704931 0.591354 0.198449 -1.323184
  0.171181 0.664545 -0.092740 1.207946
  0.940276 0.531241 -0.122538 -0.034988
  0.780466 0.235015 0.600534 1.644631
  0.840618 0.044386 0.252202 0.012184
  0.004993 0.447480 -0.009013 1.057156
  0.788894 0.253645 0.740772 -1.557357
  0.603012 0.085651 -0.685333 -0.048558
  0.093167 0.901775 -0.673078 -1.780307
  0.937771 0.820087 0.877705 -0.558333
  0.846958 0.942728 -0.121308 1.162792
  0.762845 0.235747 -0.423489 1.264284
  0.262236 0.742845 -0.807558 1.637127
  0.066203 0.266287 0.522127 -0.093883
  0.476272 0.679234 0.520035 0.041008
  0.007431 0.641950 0.505554 0.013503
  0.819823 0.132449 1.032273 -1.029456
  0.585502 0.280436 0.402937 -0.739963
  0.414676 0.532049 0.005970 0.854551
  0.983865 0.645610 -1.142485 1.353186
  0.217201 0.801990 1.232639 0.048001
  0.499021 0.946109 -0.581462 0.943490
  0.619806 0.779810 -2.994427 -1.238038
  0.910188 0.671985 -0.748257 -0.901716
  0.694588 0.875590 -0.931892 -0.379969
  0.385385 0.534537 -0.180080 -0.562522
  0.898001 0.472068 -0.833308 0.612752
  0.928613 0.788495 -0.673978 1.681475
  0.327963 0.430968 0.285165 -0.876471
  0.720071 0.206887 -1.395198 0.526514
  0.368831 0.574022 0.184763 0.420936
  0.778380 0.968163 -0.598848 -0.346820
  0.237173 0.502111 1.239213 0.093084
  0.119942 0.517370 1.896096 0.060581
  0.721897 0.782597 -1.810945 1.032284
  0.271534 0.394425 0.698716 -0.248336
  0.201708 0.174489 -0.339918 -1.220956
  0.849007 0.117836 0.488876 -1.054871
  0.499227 0.320861 -0.087240 -1.858904
  0.861621 0.619369 0.475088 -1.082657
  0.514903 0.475065 0.430490 -0.728333
  0.321998 0.273007 -0.288921 -0.846615
  0.035761 0.704492 1.061431 -0.326684
  0.068407 0.386078 -0.701909 -0.119630
  0.493509 0.920724 -0.169392 -1.119977
  0.842347 0.994513 0.725279 -0.168594
  0.520596 0.538158 1.288795 0.129720
  0.872571 0.480203 1.463104 1.084889
  0.068315 0.114836 1.293571 1.417300
  0.685143 0.836270 0.296434 -0.329470
  0.216345 0.362434 1.447465 -0.173067
  0.136472 0.200724 0.676915 1.015848
  0.085083 0.800016 0.352882 0.709431
  0.068876 0.503767 0.391311 -0.858344
  0.324841 0.517368 1.546396 -0.103179
  0.499238 0.013975 -0.889963 1.628950
  0.834406 0.266941 -0.690714 0.579134
  0.132730 0.944651 1.439230 -1.335708
  0.055880 0.785327 -0.553375 -0.042464
  0.777255 0.508949 2.480181 0.210699
  0.569949 0.064080 -0.503028 1.519177
  0.919585 0.922307 -0.999368 -1.243022
  0.671917 0.376794 -1.196561 1.368306
  0.802819 0.937344 -0.602986 -0.751962
  0.754038 0.275436 0.423332 0.706732
  0.211079 0.537632 -1.101455 0.952099
  0.234683 0.056263 0.615606 0.646918
  0.289298 0.100744 0.160004 1.695178
  0.821328 0.059000 0.545039 -0.278672
  0.573314 0.770593 -0.754241 0.498608
  0.373150 0.986935 2.739796 -0.054390
  0.656518 0.371224 1.440350 0.491599
  0.369475 0.417181 -0.509538 0.056523
  0.379938 0.886843 0.725549 -0.773103
  0.271606 0.885506 1.168658 1.262512
  0.835406 0.600143 -0.089880 -0.031223
  0.571844 0.695281 0.356384 -0.119953
  0.056626 0.435410 -1.484632 0.106326
  0.887720 0.705457 1.579262 0.240593
  0.054565 0.765256 -0.641768 -2.142542
  0.643522 0.372290 0.702394 -1.081805
  0.590005 0.457810 0.233145 1.550814
  0.752651 0.639389 -0.714312 -0.680581
  0.578000 0.834694 -1.232578 -0.059842
  0.679897 0.650458 0.452100 0.013098
  0.174355 0.749378 0.521500 -0.931650
  0.209301 0.644352 -1.793895 0.519072
  0.702085 0.029293 0.045509 -1.081931
  0.388926 0.032903 1.316428 -0.700220
  0.823084 0.977795 0.830006 -0.830904
  0.483105 0.447601 0.316312 0.011754
  0.622181 0.846010 0.129059 0.393673
  0.631075 0.883959 -0.069947 1.467403
  0.121860 0.127550 1.330581 -1.225580
  0.728707 0.986628 0.466316 0.522265
  0.363527 0.010533 0.281692 -0.584025
  0.114779 0.687417 0.026504 1.791887
  0.561454 0.768928 0.821154 -0.807686
  0.539066 0.014821 0.646838 0.487557
  0.216629 0.367374 -1.483955 -0.760745
  0.215230 0.743800 -1.036897 -1.523213
  0.466696 0.346649 1.109117 2.026371
  0.447883 0.171175 1.344081 -0.370212
  0.560873 0.058938 1.147841 0.378822
  0.275501 0.753045 0.308055 0.196815
  0.198088 0.457531 0.596869 0.817870
  0.237049 0.547528 0.784718 0.608625
  0.627582 0.178553 -0.301295 0.016976
  0.817021 0.903913 -0.377386 0.410208
  0.952087 0.954209 -0.137058 -0.153014
  0.543727 0.597792 0.337010 0.621494
  0.855445 0.258885 0.269412 -0.902736
  0.766834 0.167456 -0.963074 -0.181972
  0.737838 0.682261 -0.733399 -1.209406
  0.829038 0.801891 -0.174238 -0.006831
  0.759867 0.440728 0.625703 1.670289
  0.144852 0.280621 -0.048747 0.226956
  0.212278 0.895647 -1.585586 -0.253487
  0.179726 0.848475 -0.316903 0.536552
  0.870894 0.308902 -1.401015 1.313319
  0.169356 0.403737 0.099844 -0.686080
  0.662479 0.861489 -0.244380 0.008638
  0.914403 0.794749 -0.066053 0.851106
  0.258382 0.683143 0.014989 -0.477911
  0.735828 0.711651 -0.511690 0.391647
  0.758082 0.272300 -0.595032 1.498989
  0.474712 0.585883 1.115653 1.211235
  0.851597 0.786558 0.857539 -1.814977
  0.899049 0.556731 0.966964 -1.338751
  0.231122 0.320424 -0.716874 -0.653720
  0.282527 0.805721 -0.993925 -1.197282
  0.981103 0.488327 0.400932 0.882864
  0.129874 0.978217 -0.945659 0.512056
  0.217134 0.905041 0.447043 -0.408028
  0.358275 0.901453 -0.430832 0.814329
  0.651087 0.277110 0.412097 0.474232
  0.941980 0.211206 -0.461224 0.648586
  0.256305 0.273229 -0.256756 -0.102728
  0.311573 0.131855 0.304007 0.122953
  0.061886 0.978974 1.225446 1.255273
  0.580795 0.123446 0.138434 -0.251295
  0.405861 0.718569 -1.026581 -1.660875
  0.002521 0.122006 1.159398 -0.068437
  0.800255 0.628192 0.055545 0.277326
  0.980093 0.446150 -0.793064 -0.246072
  0.621506 0.224621 1.327896 0.556904
  0.251955 0.458059 -1.656734 -1.187146
  0.405632 0.156631 1.737200 -0.747090
  0.205176 0.828402 -1.419343 0.646304
  0.135814 0.355531 0.229802 1.025479
  0.401496 0.844413 0.336598 -0.343799
  0.966947 0.351918 -0.500197 0.597327
  0.244282 0.275590 -0.551570 0.013598
  0.647162 0.181149 1.027962 0.219194
  0.036280 0.736935 0.182063 1.525360
  0.006254 0.226272 0.115570 0.384810
  0.309907 0.172427 0.419179 -0.748340
  0.701830 0.479621 0.072353 -0.774734
  0.603058 0.047507 -0.118723 -1.142357
  0.473146 0.740026 0.995978 0.360099
  0.463894 0.160395 -0.745185 0.706242
  0.524529 0.691356 -0.179270 2.375102
  0.828244 0.028130 0.862769 0.765652
  0.570295 0.558917 -0.127231 1.142678
  0.864044 0.803013 1.492896 -0.561957
  0.359753 0.502017 -1.162046 -0.142110
  0.850389 0.915869 0.277610 -0.716799
  0.643057 0.572487 0.855220 -1.702346
  0.953954 0.416595 1.689609 0.872827
  0.387883 0.153501 -0.772750 -1.043868
  0.091300 0.929765 -1.301145 1.995235
  0.498657 0.116627 1.697888 -0.086361
  0.295802 0.257364 -0.892773 -0.455922
  0.133403 0.795203 0.076652 -0.580658
  0.535887 0.726218 -1.394964 -1.032969
  0.038971 0.412683 2.182909 -2.409541
  0.579486 0.712814 0.410841 -1.106451
  0.550668 0.337816 -0.962883 1.489475
  0.383680 0.578123 -0.783805 1.080077
  0.573896 0.068467 -1.555148 -0.793795
  0.419824 0.899988 -0.315812 0.211874
  0.387809 0.152893 -2.039572 1.408639
  0.285680 0.832802 -0.128744 0.727397
  0.249966 0.383385 -1.122856 0.355762
  0.386575 0.679732 -0.753552 -1.900311
  0.030896 0.597919 0.527575 -0.538383
  0.685655 0.136177 2.513405 -0.614489
  0.554146 0.061823 -0.888245 1.245278
  0.103166 0.114240 -1.254863 -2.555451
  0.472967 0.096325 -0.747421 -0.684230
  0.474019 0.831331 -0.214381 1.689862
  0.192936 0.532468 -0.579966 -0.026028
  0.090425 0.447797 0.502384 -2.713902
  0.519446 0.019781 -1.166644 -1.246188
  0.277212 0.739115 0.328162 0.619179
  0.444161 0.615283 -0.765033 0.220237
  0.110108 0.024170 0.289538 -0.653468
  0.251767 0.342820 1.121278 -1.240021
  0.403899 0.913008 1.142038 1.165428
  0.387340 0.370343 0.314610 -0.043676
  0.954458 0.173096 -0.237398 -0.275476
  0.549167 0.459982 2.311795 -0.837323
  0.038580 0.159567 0.727421 1.180619
  0.327558 0.744786 -0.211061 0.844839
  0.782693 0.111226 -0.669969 -1.998465
  0.202577 0.428211 -0.171280 -0.804115
  0.596904 0.115550 -1.083405 0.048735
  0.850648 0.922124 -0.075648 -2.071878
  0.395048 0.060553 0.104486 0.174058
  0.086458 0.453049 0.776402 -1.277880
  0.693882 0.764582 0.808068 -1.146033
  0.605091 0.384530 -1.949151 0.538731
  0.848208 0.704781 0.678169 -0.077755
  0.899778 0.818537 0.629238 0.430338
  0.506178 0.326408 -0.663412 -0.388922
  0.659398 0.544955 0.500665 1.042622
  0.731008 0.695302 -1.048553 -2.035973
  0.278652 0.433813 -0.168545 1.990973
  0.600287 0.608312 0.210340 0.694729
  0.177831 0.443311 -0.806323 -0.245191
  0.431764 0.129257 -0.606184 0.338215
  0.291579 0.360881 -3.223861 -0.380710
  0.916212 0.304114 0.091800 0.678330
  0.372375 0.134142 2.231714 0.189083
  0.219610 0.726764 -0.198647 -1.642801
  0.070569 0.928764 -0.862285 1.817615
  0.734254 0.054832 -1.151558 0.900879
  0.478245 0.044265 1.432513 -0.146282
  0.344679 0.236549 -0.258467 1.015701
  0.678151 0.532342 -0.819737 0.654319
  0.430087 0.319047 1.765182 1.411727
  0.793412 0.389218 0.782520 -1.185724
  0.676628 0.024460 0.191565 1.652133
  0.394588 0.211288 -2.801114 -1.072701
  0.574766 0.504429 -0.159072 1.064895
  0.590069 0.307155 1.792456 -0.288925
  0.119010 0.401116 0.372866 1.159500
  0.145795 0.338140 -0.713842 0.309161
  0.494816 0.564952 -0.963508 -0.267794
  0.931902 0.271190 -0.772079 1.316686
  0.715078 0.848754 0.341424 1.638063
  0.131354 0.356552 -0.961163 -0.552090
  0.869516 0.924917 0.840854 -1.033054
  0.257364 0.188379 0.865013 0.892208
  0.305169 0.758557 -0.070328 -0.923793
  0.300249 0.572863 0.010717 0.321876
  0.929866 0.951613 -0.300889 -1.290489
  0.126332 0.367516 -0.309045 -0.565661
  0.186160 0.003937 0.661474 0.190849
  0.334586 0.318988 -0.944459 0.091515
  0.143437 0.442123 -2.306653 -0.403275
  0.407797 0.586825 1.270353 -0.335208
  0.507157 0.026041 0.074950 1.394213
  0.279864 0.618429 -0.368885 -1.112717
  0.488668 0.498420 1.591901 0.063507
  0.927810 0.788511 0.825422 -0.263747
  0.200653 0.599146 -1.246273 1.810606
  0.425990 0.642705 0.673896 0.213230
  0.885376 0.772102 -0.599228 0.426288
  0.837022 0.634256 -0.393666 0.598749
  0.730406 0.982795 0.186531 -0.180139
  0.748698 0.067208 -0.376082 -0.678995
  0.207734 0.177785 -1.032139 -0.235391
  0.843252 0.503702 0.681853 -0.377605
  0.446087 0.378350 -0.887033 2.267192
  0.424087 0.028685 -1.252720 0.754604
  0.797966 0.954783 0.133348 1.377479
  0.272324 0.378223 -0.946350 0.625580
  0.157723 0.408011 -0.849406 0.963970
  0.705167 0.273106 0.110294 -0.166106
  0.185418 0.892667 1.389562 -0.968018
  0.410048 0.923896 -0.709383 0.271805
  0.758016 0.091431 0.511884 1.165008
  0.892810 0.824255 -0.373379 0.065027
  0.239152 0.613384 0.388170 0.733947
  0.891669 0.581676 -1.694969 0.244138
  0.854455 0.091298 0.632347 1.224440
  0.458300 0.174317 -1.497598 -0.452432
  0.061256 0.845275 -0.729511 0.739646
  0.843096 0.786163 -0.982116 -0.840411
  0.844601 0.974854 0.197748 0.971442
  0.092850 0.270426 -0.204209 -0.410943
  0.172211 0.211424 -1.502537 -0.525489
  0.753018 0.925025 -1.102516 0.544634
  0.861544 0.724921 1.801645 0.529473
  0.996724 0.395355 -0.623063 -1.679904
  0.326628 0.077143 0.333458 0.615232
  0.522009 0.639061 0.502143 0.923332
  0.428391 0.566322 -0.244116 1.274027
  0.455185 0.255204 1.118189 -1.568050
  0.644237 0.503235 0.254972 0.013916
  0.274215 0.466202 -1.062149 -0.428427
  0.966856 0.762104 0.560001 0.291486
  0.195227 0.964959 1.215540 0.336228
  0.017826 0.464623 0.345061 0.163747
  0.132631 0.696989 -1.944328 -0.491075
  0.295260 0.591750 0.807264 0.574593
  0.938407 0.744768 -2.415717 -0.257417
  0.912922 0.091709 0.695564 -2.163103
  0.772758 0.985838 0.623536 -0.042343
  0.014061 0.260962 0.115633 -0.769654
  0.874123 0.562699 0.826297 -1.193946
  0.532842 0.781611 0.280126 -0.232174
  0.887663 0.484913 0.262583 0.874817
  0.859645 0.259469 -0.849735 -1.354458
  0.374035 0.131996 0.735041 -0.433778
  0.209988 0.760213 -0.256907 0.725524
  0.932204 0.998789 0.413372 -0.786619
  0.459877 0.071607 -1.404902 -0.618080
  0.673343 0.342894 0.517390 -0.101798
  0.265740 0.001996 -0.699966 -0.470436
  0.058339 0.154033 -0.251348 0.214183
  0.038504 0.630688 1.449674 1.972369
  0.707919 0.117653 1.136665 -0.378230
  0.489465 0.527353 -1.449140 -0.337242
  0.353097 0.912781 -1.299766 0.276017
  0.905828 0.795357 -0.903482 0.870762
  0.202150 0.073581 0.901075 1.061155
  0.796105 0.779590 -0.301953 -1.415416
  0.000110 0.341137 0.860607 1.784438
  0.437049 0.220599 1.187496 0.675161
  0.395801 0.252322 -0.013741 0.972397
  0.614002 0.147511 -1.002293 -1.877681
  0.517141 0.171579 -0.372888 -0.038527
  0.994656 0.045305 -1.598635 0.192751
  0.274044 0.163895 1.457651 -1.144383
  0.913639 0.601891 -0.181083 -1.465739
  0.915351 0.720709 0.165214 0.462514
  0.704643 0.712765 1.213871 1.689947
  0.607361 0.143750 -0.469171 -1.877764
  0.086224 0.626846 0.079291 -0.286967
  0.616990 0.526174 1.016781 -0.219161
  0.496843 0.622934 1.280295 1.793680
  0.549720 0.145341 -0.706409 1.391340
  0.773307 0.168865 0.655331 1.444871
  0.952167 0.252308 0.342763 0.207486
  0.983363 0.303637 -0.958693 2.073601
  0.834299 0.885564 -0.560856 -0.205301
  0.007980 0.402460 -1.257386 -0.304540
  0.758616 0.029125 -0.516899 -0.445914
  0.537173 0.935806 -0.703974 0.525718
  0.698174 0.972598 -0.360138 -2.084546
  0.942569 0.619201 0.042633 -0.045078
  0.293965 0.546367 -0.792803 0.534925
  0.441830 0.528417 -0.405009 1.329274
  0.966737 0.578657 1.223300 0.748169
  0.156406 0.439416 0.397766 1.516676
  0.684226 0.275617 -0.390122 1.175235
  0.962154 0.156056 -0.717880 0.944091
  0.284847 0.997038 0.038315 -0.399382
  0.408996 0.652155 0.082730 -1.777382
  0.416747 0.036688 -0.056539 1.675806
  0.401784 0.435256 0.489366 0.187660
  0.822456 0.487504 0.534524 1.341687
  0.809694 0.914481 0.988429 -0.510559
  0.128817 0.427335 -1.310394 -1.520441
  0.325791 0.906673 -0.152409 0.081721
  0.867818 0.278545 0.120177 0.136435
  0.160877 0.894340 1.159961 -0.139484
  0.538011 0.867249 -0.489807 2.098127
  0.162878 0.002723 -0.744159 -0.831032
  0.405625 0.279114 -0.354840 -0.587510
  0.644141 0.630143 -0.169595 -1.542578
  0.573872 0.852596 0.331874 -0.799077
  0.786589 0.865953 -0.478323 0.319259
  0.741542 0.266290 0.634915 -0.625058
  0.464194 0.038458 1.777029 -0.942620
  0.135049 0.110883 -0.267930 1.163405
  0.472022 0.814184 0.158026 -0.148384
  0.505552 0.606958 0.565534 -1.500214
  0.501493 0.346416 -1.457723 0.075786
  0.969173 0.653182 -1.303179 -0.580032
  0.948975 0.354307 1.461543 0.164769
  0.679800 0.469775 -1.659091 -1.044824
  0.971954 0.897777 -1.545906 -0.011139
  0.564014 0.302975 1.540259 -1.051316
  0.818367 0.491756 0.010463 -1.160844
  0.901868 0.767703 -1.127018 0.531666
  0.151125 0.777992 -0.791806 -0.279166
