0.000000e+00  0.000000e+00
5.000000e-02  1.116477e-01
1.000000e-01  2.116327e-01
1.500000e-01  3.005033e-01
2.000000e-01  3.823415e-01
2.500000e-01  4.551357e-01
3.000000e-01  5.175196e-01
3.500000e-01  5.734806e-01
4.000000e-01  6.244486e-01
4.500000e-01  6.672948e-01
5.000000e-01  7.025926e-01
5.500000e-01  7.344111e-01
6.000000e-01  7.622427e-01
6.500000e-01  7.830628e-01
7.000000e-01  7.988608e-01
7.500000e-01  8.130996e-01
8.000000e-01  8.239381e-01
8.500000e-01  8.288929e-01
9.000000e-01  8.308048e-01
9.500000e-01  8.324018e-01
1.000000e+00  8.310934e-01
1.050000e+00  8.248876e-01
1.100000e+00  8.169903e-01
1.150000e+00  8.096672e-01
1.200000e+00  8.000366e-01
1.250000e+00  7.862152e-01
1.300000e+00  7.713954e-01
1.350000e+00  7.578973e-01
1.400000e+00  7.429563e-01
1.450000e+00  7.242511e-01
1.500000e+00  7.045036e-01
1.550000e+00  6.866519e-01
1.600000e+00  6.686915e-01
1.650000e+00  6.474375e-01
1.700000e+00  6.242739e-01
1.750000e+00  6.029041e-01
1.800000e+00  5.832315e-01
1.850000e+00  5.616439e-01
1.900000e+00  5.369361e-01
1.950000e+00  5.122735e-01
2.000000e+00  4.904152e-01
2.050000e+00  4.697007e-01
2.100000e+00  4.465341e-01
2.150000e+00  4.204455e-01
2.200000e+00  3.947218e-01
2.250000e+00  3.721561e-01
2.300000e+00  3.516417e-01
2.350000e+00  3.295852e-01
2.400000e+00  3.040202e-01
2.450000e+00  2.766676e-01
2.500000e+00  2.511035e-01
2.550000e+00  2.293413e-01
2.600000e+00  2.101515e-01
2.650000e+00  1.902251e-01
2.700000e+00  1.667361e-01
2.750000e+00  1.391780e-01
2.800000e+00  1.094586e-01
2.850000e+00  8.067135e-02
2.900000e+00  5.561361e-02
2.950000e+00  3.587127e-02
3.000000e+00  2.167733e-02
3.050000e+00  1.229614e-02
3.100000e+00  6.560294e-03
3.150000e+00  3.298816e-03
3.200000e+00  1.566477e-03
3.250000e+00  7.037483e-04
3.300000e+00  2.996218e-04
3.350000e+00  1.210787e-04
3.400000e+00  4.650691e-05
3.450000e+00  1.700153e-05
3.500000e+00  5.922365e-06
3.550000e+00  1.967942e-06
3.600000e+00  6.244139e-07
3.650000e+00  1.893540e-07
3.700000e+00  5.492690e-08
3.750000e+00  1.525256e-08
3.800000e+00  4.057518e-09
3.850000e+00  1.034734e-09
3.900000e+00  2.531142e-10
3.950000e+00  5.942579e-11
4.000000e+00  1.339794e-11
4.050000e+00  2.902180e-12
4.100000e+00  6.042798e-13
4.150000e+00  1.209961e-13
4.200000e+00  2.330796e-14
4.250000e+00  4.321216e-15
4.300000e+00  7.713233e-16
4.350000e+00  1.326008e-16
4.400000e+00  2.196228e-17
4.450000e+00  3.505620e-18
4.500000e+00  5.394310e-19
4.550000e+00  8.004083e-20
4.600000e+00  1.145531e-20
4.650000e+00  1.581723e-21
4.700000e+00  2.107591e-22
4.750000e+00  2.710651e-23
4.800000e+00  3.365786e-24
4.850000e+00  4.035664e-25
4.900000e+00  4.673529e-26
4.950000e+00  5.228278e-27
5.000000e+00  5.651122e-28
5.050000e+00  5.902667e-29
5.100000e+00  5.958976e-30
5.150000e+00  5.815323e-31
5.200000e+00  5.486829e-32
5.250000e+00  5.005851e-33
5.300000e+00  4.416770e-34
5.350000e+00  3.769302e-35
5.400000e+00  3.111737e-36
5.450000e+00  2.485337e-37
5.500000e+00  1.920705e-38
5.550000e+00  1.436414e-39
5.600000e+00  1.039660e-40
5.650000e+00  7.283541e-42
5.700000e+00  4.939455e-43
5.750000e+00  3.242982e-44
5.800000e+00  2.061492e-45
5.850000e+00  1.268912e-46
5.900000e+00  7.563688e-48
5.950000e+00  4.366430e-49
6.000000e+00  2.441448e-50
6.050000e+00  1.322307e-51
6.100000e+00  6.937708e-53
6.150000e+00  3.526408e-54
6.200000e+00  1.736659e-55
6.250000e+00  8.286931e-57
6.300000e+00  3.831785e-58
6.350000e+00  1.716986e-59
6.400000e+00  7.456233e-61
6.450000e+00  3.138251e-62
6.500000e+00  1.280262e-63
6.550000e+00  5.062667e-65
6.600000e+00  1.940687e-66
6.650000e+00  7.211943e-68
6.700000e+00  2.598330e-69
6.750000e+00  9.076232e-71
6.800000e+00  3.074037e-72
6.850000e+00  1.009550e-73
6.900000e+00  3.215017e-75
6.950000e+00  9.928812e-77
7.000000e+00  2.973656e-78
7.050000e+00  8.637417e-80
7.100000e+00  2.433306e-81
7.150000e+00  6.648883e-83
7.200000e+00  1.762213e-84
7.250000e+00  4.530485e-86
7.300000e+00  1.129862e-87
7.350000e+00  2.733492e-89
7.400000e+00  6.415630e-91
7.450000e+00  1.460854e-92
7.500000e+00  3.227277e-94
7.550000e+00  6.917417e-96
7.600000e+00  1.438618e-97
7.650000e+00  2.903059e-99
7.700000e+00  5.684474e-101
7.750000e+00  1.080098e-102
7.800000e+00  1.991539e-104
7.850000e+00  3.563536e-106
7.900000e+00  6.188049e-108
7.950000e+00  1.042846e-109
8.000000e+00  1.705663e-111
8.050000e+00  2.707607e-113
8.100000e+00  4.171672e-115
8.150000e+00  6.238483e-117
8.200000e+00  9.055325e-119
8.250000e+00  1.275843e-120
8.300000e+00  1.744896e-122
8.350000e+00  2.316503e-124
8.400000e+00  2.985369e-126
8.450000e+00  3.734873e-128
8.500000e+00  4.536039e-130
8.550000e+00  5.348246e-132
8.600000e+00  6.121951e-134
8.650000e+00  6.803339e-136
8.700000e+00  7.340372e-138
8.750000e+00  7.689307e-140
8.800000e+00  7.820581e-142
8.850000e+00  7.722942e-144
8.900000e+00  7.405042e-146
8.950000e+00  6.894174e-148
9.000000e+00  6.232404e-150
9.050000e+00  5.470867e-152
9.100000e+00  4.663291e-154
9.150000e+00  3.859870e-156
9.200000e+00  3.102452e-158
9.250000e+00  2.421572e-160
9.300000e+00  1.835514e-162
9.350000e+00  1.351119e-164
9.400000e+00  9.658565e-167
9.450000e+00  6.705362e-169
9.500000e+00  4.520950e-171
9.550000e+00  2.960345e-173
9.600000e+00  1.882639e-175
9.650000e+00  1.162816e-177
9.700000e+00  6.975583e-180
9.750000e+00  4.064272e-182
9.800000e+00  2.299981e-184
9.850000e+00  1.264187e-186
9.900000e+00  6.749170e-189
9.950000e+00  3.499837e-191
