# omega0=1, alpha=0.5
# theta0=0.1, theta_dot0=0
# t_start=0, t_end=50, h=0.00911928
#   t          x(t)                 v(t)       
0  1.000000000000000e-01  0.000000000000000e+00
9.119282013323059e-02 9.959140511240715e-02 -8.887384723422428e-03
1.823856402664613e-01 9.839330022923230e-02 -1.730679350635985e-02
2.735784603996920e-01 9.645056147458729e-02 -2.521100886062444e-02
3.647712805329227e-01 9.381208688026223e-02 -3.255905314506620e-02
4.559641006661534e-01 9.053022495384434e-02 -3.931623304149919e-02
5.471569207993838e-01 8.666020140761597e-02 -4.545413575887301e-02
6.383497409326140e-01 8.225954835714568e-02 -5.095057900119605e-02
7.295425610658441e-01 7.738754011403406e-02 -5.578951671710970e-02
8.207353811990743e-01 7.210463951207012e-02 -5.996090268451935e-02
9.119282013323045e-01 6.647195851497978e-02 -6.346051407712804e-02
1.003121021465535e+00 6.055073665176260e-02 -6.628973730909792e-02
1.094313841598765e+00 5.440184060753222e-02 -6.845531865156092e-02
1.185506661731995e+00 4.808528805994864e-02 -6.996908234791965e-02
1.276699481865225e+00 4.165979859118728e-02 -7.084761920829860e-02
1.367892301998455e+00 3.518237422186539e-02 -7.111194891996538e-02
1.459085122131685e+00 2.870791180695749e-02 -7.078715955269793e-02
1.550277942264916e+00 2.228884920653509e-02 -6.990202794970336e-02
1.641470762398146e+00 1.597484679960592e-02 -6.848862486178563e-02
1.732663582531376e+00 9.812505551990775e-03 -6.658190879403202e-02
1.823856402664606e+00 3.845122484492669e-03 -6.421931258290997e-02
1.915049222797836e+00 -1.887515978480590e-03 -6.144032670367004e-02
2.006242042931067e+00 -7.349302661081577e-03 -5.828608322336447e-02
2.097434863064297e+00 -1.250794052098768e-02 -5.479894416701998e-02
2.188627683197527e+00 -1.733503633381830e-02 -5.102209785980757e-02
2.279820503330757e+00 -2.180615805735339e-02 -4.699916655490349e-02
2.371013323463987e+00 -2.590085704467623e-02 -4.277382836508150e-02
2.462206143597217e+00 -2.960265653619062e-02 -3.838945619660510e-02
2.553398963730448e+00 -3.289900809129682e-02 -3.388877604743089e-02
2.644591783863678e+00 -3.578121782026365e-02 -2.931354668824577e-02
2.735784603996908e+00 -3.824434444529790e-02 -2.470426240353431e-02
2.826977424130138e+00 -4.028707135754525e-02 -2.009988013836867e-02
2.918170244263368e+00 -4.191155494494217e-02 -1.553757208095154e-02
3.009363064396598e+00 -4.312325154612952e-02 -1.105250441542005e-02
3.100555884529828e+00 -4.393072544000433e-02 -6.677642706651780e-03
3.191748704663059e+00 -4.434544031106204e-02 -2.443584129896656e-03
3.282941524796289e+00 -4.438153663964085e-02 1.621583467221250e-03
3.374134344929519e+00 -4.405559745563058e-02 5.492395885660513e-03
3.465327165062749e+00 -4.338640486610738e-02 9.146100676620951e-03
3.556519985195979e+00 -4.239468972346393e-02 1.256271958596713e-02
3.647712805329209e+00 -4.110287674245875e-02 1.572508605219725e-02
3.738905625462440e+00 -3.953482730351931e-02 1.861885860423013e-02
3.830098445595670e+00 -3.771558209671371e-02 2.123251112961446e-02
3.921291265728900e+00 -3.567110566699108e-02 2.355730109854689e-02
4.012484085862130e+00 -3.342803481740321e-02 2.558721693539715e-02
4.103676905995361e+00 -3.101343271380053e-02 2.731890582779629e-02
4.194869726128591e+00 -2.845455041266852e-02 2.875158335373246e-02
4.286062546261821e+00 -2.577859740408155e-02 2.988692638903323e-02
4.377255366395051e+00 -2.301252262500560e-02 3.072895083024338e-02
4.468448186528281e+00 -2.018280725527932e-02 3.128387573013353e-02
4.559641006661511e+00 -1.731527046054563e-02 3.155997549368100e-02
4.650833826794742e+00 -1.443488909431043e-02 3.156742182014400e-02
4.742026646927972e+00 -1.156563221639061e-02 3.131811710072573e-02
4.833219467061202e+00 -8.730311128589100e-03 3.082552099044560e-02
4.924412287194432e+00 -5.950445471873322e-03 3.010447186665886e-02
5.015605107327662e+00 -3.246145774041261e-03 2.917100486500276e-02
5.106797927460892e+00 -6.360126842432630e-04 2.804216814658950e-02
5.197990747594122e+00 1.862947017841385e-03 2.673583899858292e-02
5.289183567727353e+00 4.235387693591742e-03 2.527054130480436e-02
5.380376387860583e+00 6.467675589876648e-03 2.366526584494202e-02
5.471569207993813e+00 8.547923377434164e-03 2.193929479175835e-02
5.562762028127043e+00 1.046600892474969e-02 2.011203167705579e-02
5.653954848260273e+00 1.221357886007110e-02 1.820283799083306e-02
5.745147668393503e+00 1.378403757530817e-02 1.623087746583986e-02
5.836340488526734e+00 1.517252241623690e-02 1.421496898339144e-02
5.927533308659964e+00 1.637586588336988e-02 1.217344891752430e-02
6.018726128793194e+00 1.739254573691115e-02 1.012404361492575e-02
6.109918948926424e+00 1.822262395737447e-02 8.083752588956661e-03
6.201111769059654e+00 1.886767556081477e-02 6.068742888736506e-03
6.292304589192884e+00 1.933070830441111e-02 4.094254989714069e-03
6.383497409326115e+00 1.961607434464500e-02 2.174520441264437e-03
6.474690229459345e+00 1.972937492690428e-02 3.226914003229147e-04
6.565883049592575e+00 1.967735919243471e-02 -1.449217921574525e-03
6.657075869725805e+00 1.946781818662256e-02 -3.130377966818217e-03
6.748268689859035e+00 1.910947514212061e-02 -4.711178855536038e-03
6.839461509992265e+00 1.861187309184818e-02 -6.183253969323742e-03
6.930654330125495e+00 1.798526084094165e-02 -7.539492418455772e-03
7.021847150258726e+00 1.724047829385929e-02 -8.774040788943555e-03
7.113039970391956e+00 1.638884209361470e-02 -9.882294632386259e-03
7.204232790525186e+00 1.544203248510007e-02 -1.086088022181407e-02
7.295425610658416e+00 1.441198226424453e-02 -1.170762715056699e-02
7.386618430791646e+00 1.331076861992187e-02 -1.242153239859814e-02
7.477811250924876e+00 1.215050861667311e-02 -1.300271653136203e-02
7.569004071058107e+00 1.094325900404446e-02 -1.345237273057922e-02
7.660196891191337e+00 9.700920973268695e-03 -1.377270938361434e-02
7.751389711324567e+00 8.435150414747804e-03 -1.396688697894707e-02
7.842582531457797e+00 7.157274160938501e-03 -1.403895006927664e-02
7.933775351591027e+00 5.878212629405787e-03 -1.399375507124411e-02
8.024968171724257e+00 4.608409210591875e-03 -1.383689467170354e-02
8.116160991857488e+00 3.357766674833616e-03 -1.357461960509494e-02
8.207353811990718e+00 2.135590803917439e-03 -1.321375855500522e-02
8.298546632123948e+00 9.505413845291226e-04 -1.276163691573883e-02
8.389739452257178e+00 -1.894093651502598e-04 -1.222599512700785e-02
8.480932272390408e+00 -1.277010928252424e-03 -1.161490726709237e-02
8.572125092523638e+00 -2.305761235040892e-03 -1.093670055746165e-02
8.663317912656868e+00 -3.269926133261999e-03 -1.019987639536756e-02
8.754510732790099e+00 -4.164551748967979e-03 -9.413033490835577e-03
8.845703552923329e+00 -4.985469954371223e-03 -8.584793641312217e-03
8.936896373056559e+00 -5.729297205851355e-03 -7.723730631520724e-03
9.028089193189789e+00 -6.393427057535727e-03 -6.838302698364944e-03
9.119282013323019e+00 -6.976016693750611e-03 -5.936788951533696e-03
9.210474833456249e+00 -7.475967856983799e-03 -5.027230090306414e-03
9.301667653589480e+00 -7.892902576743983e-03 -4.117373706435989e-03
9.392860473722710e+00 -8.227134128826506e-03 -3.214624412348983e-03
9.484053293855940e+00 -8.479633674017741e-03 -2.325998983689595e-03
9.575246113989170e+00 -8.651993040248312e-03 -1.458086655841260e-03
9.666438934122400e+00 -8.746384122730799e-03 -6.170146658540536e-04
9.757631754255630e+00 -8.765515382813505e-03 1.915809154817074e-04
9.848824574388860e+00 -8.712585928301073e-03 9.625790615478820e-04
9.940017394522091e+00 -8.591237656012747e-03 1.691392420722439e-03
1.003121021465532e+01 -8.405505931570323e-03 2.373980783521554e-03
1.012240303478855e+01 -8.159769272050872e-03 3.006859507433236e-03
1.021359585492178e+01 -7.858698484441316e-03 3.587103056094248e-03
1.030478867505501e+01 -7.507205697045055e-03 4.112343841906004e-03
1.039598149518824e+01 -7.110393702379219e-03 4.580766590674185e-03
1.048717431532147e+01 -6.673506008938793e-03 4.991098473296355e-03
1.057836713545470e+01 -6.201877975772139e-03 5.342595272841361e-03
1.066955995558793e+01 -5.700889378398336e-03 5.635023875517434e-03
1.076075277572116e+01 -5.175918727490175e-03 5.868641390989930e-03
1.085194559585439e+01 -4.632299633238502e-03 6.044171221284967e-03
1.094313841598762e+01 -4.075279478693837e-03 6.162776408125293e-03
1.103433123612085e+01 -3.509980634936581e-03 6.226030596035706e-03
1.112552405625408e+01 -2.941364419939042e-03 6.235886952995220e-03
1.121671687638731e+01 -2.374197971725351e-03 6.194645391891592e-03
1.130790969652054e+01 -1.813024175174311e-03 6.104918434660819e-03
1.139910251665377e+01 -1.262134750799554e-03 5.969596056899101e-03
1.149029533678700e+01 -7.255465833227161e-04 5.791809844064754e-03
1.158148815692023e+01 -2.069813380562624e-04 5.574896781306307e-03
1.167268097705346e+01 2.901516157552008e-04 5.322362987637981e-03
1.176387379718669e+01 7.627689832274643e-04 5.037847691825201e-03
1.185506661731992e+01 1.208124058792871e-03 4.725087732140493e-03
1.194625943745315e+01 1.623814037824700e-03 4.387882845311742e-03
1.203745225758638e+01 2.007784208307196e-03 4.030061991723243e-03
1.212864507771961e+01 2.358329127579429e-03 3.655450944460994e-03
1.221983789785284e+01 2.674090909009680e-03 3.267841349333802e-03
1.231103071798607e+01 2.954054761382806e-03 2.870961441766051e-03
1.240222353811930e+01 3.197541939744840e-03 2.468448584657764e-03
1.249341635825254e+01 3.404200280405087e-03 2.063823769149061e-03
1.258460917838577e+01 3.573992504722443e-03 1.660468197908497e-03
1.267580199851900e+01 3.707182486194015e-03 1.261602048278651e-03
1.276699481865223e+01 3.804319683231488e-03 8.702654905388644e-04
1.285818763878546e+01 3.866221945881281e-03 4.893020148546022e-04
1.294938045891869e+01 3.893956908660705e-03 1.213440993343780e-04
1.304057327905192e+01 3.888822183700267e-03 -2.311987688447302e-04
1.313176609918515e+01 3.852324568570834e-03 -5.661497269191663e-04
1.322295891931838e+01 3.786158481614494e-03 -8.815718509983119e-04
1.331415173945161e+01 3.692183834380346e-03 -1.175773195512993e-03
1.340534455958484e+01 3.572403545991773e-03 -1.447309618160986e-03
1.349653737971807e+01 3.428940898047988e-03 -1.694985466126634e-03
1.358773019985130e+01 3.264016921105085e-03 -1.917852213326343e-03
1.367892301998453e+01 3.079927995011009e-03 -2.115205151057248e-03
1.377011584011776e+01 2.879023835509784e-03 -2.286578245661418e-03
1.386130866025099e+01 2.663686028711315e-03 -2.431737286633734e-03
1.395250148038422e+01 2.436307263374225e-03 -2.550671456981866e-03
1.404369430051745e+01 2.199271398601857e-03 -2.643583464587249e-03
1.413488712065068e+01 1.954934491636667e-03 -2.710878378824009e-03
1.422607994078391e+01 1.705606897085707e-03 -2.753151320786799e-03
1.431727276091714e+01 1.453536535247468e-03 -2.771174158187453e-03
1.440846558105037e+01 1.200893413362564e-03 -2.765881357343040e-03
1.449965840118360e+01 9.497554696982858e-04 -2.738355144742341e-03
1.459085122131683e+01 7.020957965158374e-04 -2.689810129500538e-03
1.468204404145006e+01 4.597712842693419e-04 -2.621577535657072e-03
1.477323686158329e+01 2.245127159518214e-04 -2.535089189810335e-03
1.486442968171652e+01 -2.083672567405469e-06 -2.431861405092082e-03
1.495562250184975e+01 -2.185631629868171e-04 -2.313478897046335e-03
1.504681532198298e+01 -4.236180646527156e-04 -2.181578860678446e-03
1.513800814211621e+01 -6.160917846008500e-04 -2.037835330869518e-03
1.522920096224944e+01 -7.949814886800732e-04 -1.883943940601606e-03
1.532039378238267e+01 -9.594393949390945e-04 -1.721607183103593e-03
1.541158660251590e+01 -1.108772749734743e-03 -1.552520275200511e-03
1.550277942264913e+01 -1.242442545473699e-03 -1.378357709924429e-03
1.559397224278236e+01 -1.360061046497394e-03 -1.200760576915898e-03
1.568516506291559e+01 -1.461388196338116e-03 -1.021324719402678e-03
1.577635788304882e+01 -1.546326985397968e-03 -8.415897866760292e-04
1.586755070318205e+01 -1.614917863023766e-03 -6.630292310801514e-04
1.595874352331528e+01 -1.667332281970602e-03 -4.870412886698096e-04
1.604993634344851e+01 -1.703865466372210e-03 -3.149409729528970e-04
1.614112916358174e+01 -1.724928496582009e-03 -1.479531015924698e-04
1.623232198371497e+01 -1.731039805635847e-03 1.279363333471994e-05
1.632351480384820e+01 -1.722816182643045e-03 1.662715498754647e-04
1.641470762398143e+01 -1.700963378169029e-03 3.115578224485399e-04
1.650590044411466e+01 -1.666266405668213e-03 4.478373048446081e-04
1.659709326424789e+01 -1.619579631302019e-03 5.744043526580892e-04
1.668828608438112e+01 -1.561816742080069e-03 6.906636749468295e-04
1.677947890451435e+01 -1.493940679242098e-03 7.961302514715885e-04
1.687067172464758e+01 -1.416953620206403e-03 8.904283578362085e-04
1.696186454478081e+01 -1.331887088302197e-03 9.732897462086119e-04
1.705305736491404e+01 -1.239792264934529e-03 1.044551034036217e-03
1.714425018504727e+01 -1.141730573859007e-03 1.104150357266427e-03
1.723544300518050e+01 -1.038764601927759e-03 1.152123348038623e-03
1.732663582531373e+01 -9.319494150663280e-04 1.188598499629081e-03
1.741782864544696e+01 -8.223243224118193e-04 1.213791983610050e-03
1.750902146558019e+01 -7.109051355429998e-04 1.228001985739418e-03
1.760021428571342e+01 -5.986769636195482e-04 1.231602628043112e-03
1.769140710584665e+01 -4.865875790749742e-04 1.225037544908021e-03
1.778259992597988e+01 -3.755413823286467e-04 1.208813180792053e-03
1.787379274611311e+01 -2.663939878473858e-04 1.183491876407015e-03
1.796498556624634e+01 -1.599474478440408e-04 1.149684808969267e-03
1.805617838637957e+01 -5.694612399442514e-05 1.108044850375577e-03
1.814737120651280e+01 4.192678817322045e-05 1.059259404982556e-03
1.823856402664603e+01 1.360520830718355e-04 1.004043286084970e-03
1.832975684677927e+01 2.248767231450755e-04 9.431316872399109e-04
1.842094966691250e+01 3.079153823389051e-04 8.772733013106972e-04
1.851214248704573e+01 3.847513707029137e-04 8.072236365474642e-04
1.860333530717896e+01 4.550369601948212e-04 7.337385752222211e-04
1.869452812731219e+01 5.184931357315386e-04 6.575682163365356e-04
1.878572094744542e+01 5.749087991277294e-04 5.794510397612695e-04
1.887691376757865e+01 6.241394567754691e-04 5.001084248909404e-04
1.896810658771188e+01 6.661054247373635e-04 4.202395525403177e-04
1.905929940784511e+01 7.007895873450335e-04 3.405167144166793e-04
1.915049222797834e+01 7.282347474133451e-04 2.615810501052168e-04
1.924168504811157e+01 7.485406077996398e-04 1.840387271431848e-04
1.933287786824480e+01 7.618604252611776e-04 1.084575754644648e-04
1.942407068837803e+01 7.683973784006964e-04 3.536418330211762e-05
1.951526350851126e+01 7.684006919499140e-04 -3.475854242817302e-05
1.960645632864449e+01 7.621615597369714e-04 -1.014733521488424e-04
1.969764914877772e+01 7.500089084317361e-04 -1.643901706570132e-04
1.978884196891095e+01 7.323050435800619e-04 -2.231671633114855e-04
1.988003478904418e+01 7.094412185440721e-04 -2.775113628045786e-04
1.997122760917741e+01 6.818331657813865e-04 -3.271788710131046e-04
2.006242042931064e+01 6.499166284445367e-04 -3.719746532284916e-04
2.015361324944387e+01 6.141429285862925e-04 -4.117519446062211e-04
2.024480606957710e+01 5.749746063419229e-04 -4.464112909405372e-04
2.033599888971033e+01 5.328811623508396e-04 -4.758992478556214e-04
2.042719170984356e+01 4.883349334033945e-04 -5.002067642055152e-04
2.051838452997679e+01 4.418071288798151e-04 -5.193672768908317e-04
2.060957735011002e+01 3.937640530133341e-04 -5.334545454319659e-04
2.070077017024325e+01 3.446635353842676e-04 -5.425802554895299e-04
2.079196299037648e+01 2.949515893614962e-04 -5.468914210987164e-04
2.088315581050971e+01 2.450593154772175e-04 -5.465676156927905e-04
2.097434863064294e+01 1.954000639739828e-04 -5.418180620413368e-04
2.106554145077617e+01 1.463668680229148e-04 -5.328786110323428e-04
2.115673427090940e+01 9.833015640061210e-05 -5.200086387962624e-04
2.124792709104263e+01 5.163575175030078e-05 -5.034878910188408e-04
2.133911991117586e+01 6.603157959740797e-06 -4.836133024327783e-04
2.143031273130909e+01 -3.647586231778623e-05 -4.606958184324103e-04
2.152150555144232e+01 -7.733842137589391e-05 -4.350572445373807e-04
2.161269837157555e+01 -1.157513550619319e-04 -4.070271480583853e-04
2.170389119170878e+01 -1.515117920922338e-04 -3.769398348084982e-04
2.179508401184201e+01 -1.844474518995236e-04 -3.451314220757317e-04
2.188627683197524e+01 -2.144166806928602e-04 -3.119370273448119e-04
2.197746965210847e+01 -2.413082371057281e-04 -2.776880904471762e-04
2.206866247224170e+01 -2.650408403351364e-04 -2.427098449462215e-04
2.215985529237493e+01 -2.855624950289420e-04 -2.073189526478891e-04
2.225104811250816e+01 -3.028496083567793e-04 -1.718213131823316e-04
2.234224093264139e+01 -3.169059157002306e-04 -1.365100586476910e-04
2.243343375277462e+01 -3.277612322200212e-04 -1.016637413582712e-04
2.252462657290785e+01 -3.354700482033275e-04 -6.754472081217263e-05
2.261581939304108e+01 -3.401099865653821e-04 -3.439775410247518e-05
2.270701221317431e+01 -3.417801411803988e-04 -2.448792155050664e-06
2.279820503330754e+01 -3.405993148525494e-04 2.809601760221718e-05
2.288939785344077e+01 -3.367041757145779e-04 5.705112323797052e-05
2.298059067357400e+01 -3.302473506668926e-04 8.425215770190295e-05
2.307178349370723e+01 -3.213954741518243e-04 1.095563298383150e-04
2.316297631384046e+01 -3.103272101051353e-04 1.328426226941206e-04
2.325416913397369e+01 -2.972312643495012e-04 1.540118060996785e-04
2.334536195410692e+01 -2.823044040028008e-04 1.729862716985685e-04
2.343655477424015e+01 -2.657494996783723e-04 1.897096996803687e-04
2.352774759437338e+01 -2.477736053660088e-04 2.041465674252096e-04
2.361894041450661e+01 -2.285860899127348e-04 2.162815110981100e-04
2.371013323463984e+01 -2.083968329828128e-04 2.261185519337098e-04
2.380132605477307e+01 -1.874144972785534e-04 2.336801995279221e-04
2.389251887490630e+01 -1.658448876588448e-04 2.390064449032192e-04
2.398371169503953e+01 -1.438894066122735e-04 2.421536564406801e-04
2.407490451517276e+01 -1.217436143374291e-04 2.431933919774234e-04
2.416609733530600e+01 -9.959590046534985e-05 2.422111404563558e-04
2.425729015543923e+01 -7.762627323854525e-05 2.393050064907865e-04
2.434848297557246e+01 -5.600527074768247e-05 2.345843510746041e-04
2.443967579570569e+01 -3.489299763037198e-05 2.281684014352605e-04
2.453086861583892e+01 -1.443828946552244e-05 2.201848426981650e-04
2.462206143597215e+01 5.221994040186455e-06 2.107684036141850e-04
2.471325425610538e+01 2.396354707231691e-05 2.000594481040949e-04
2.480444707623861e+01 4.167506798012582e-05 1.882025838026591e-04
2.489563989637184e+01 5.825858383563513e-05 1.753452981484979e-04
2.498683271650507e+01 7.362965224699775e-05 1.616366318720365e-04
2.507802553663830e+01 8.771744425776189e-05 1.472258989908837e-04
2.516921835677153e+01 1.004647129588829e-04 1.322614616381413e-04
2.526041117690476e+01 1.118276531625440e-04 1.168895672326025e-04
2.535160399703799e+01 1.217756581334125e-04 1.012532546586566e-04
2.544279681717122e+01 1.302909799420006e-04 8.549133526588785e-05
2.553398963730445e+01 1.373683004951450e-04 6.973745363157591e-05
2.562518245743768e+01 1.430142207097957e-04 5.411923216099623e-05
2.571637527757091e+01 1.472466756285042e-04 3.875750273770944e-05
2.580756809770414e+01 1.500942835290342e-04 2.376562778568138e-05
2.589876091783737e+01 1.515956372578187e-04 9.248912273440990e-06
2.598995373797060e+01 1.517985461195261e-04 -4.695892616512575e-06
2.608114655810383e+01 1.507592366852770e-04 -1.798099420674287e-05
2.617233937823706e+01 1.485415208430482e-04 -3.052787222787431e-05
2.626353219837029e+01 1.452159393089151e-04 -4.226750340338820e-05
2.635472501850352e+01 1.408588886508091e-04 -5.314049887288464e-05
2.644591783863675e+01 1.355517396515205e-04 -6.309715722242798e-05
2.653711065876998e+01 1.293799545591812e-04 -7.209743645277514e-05
2.662830347890321e+01 1.224322104460522e-04 -8.011084872635138e-05
2.671949629903644e+01 1.147995355249723e-04 -8.711628218996685e-05
2.681068911916967e+01 1.065744648622628e-04 -9.310175457115744e-05
2.690188193930290e+01 9.785022148131977e-05 -9.806410359089087e-05
2.699307475943613e+01 8.871992837768186e-05 -1.020086195238991e-04
2.708426757956936e+01 7.927585646916478e-05 -1.049486254702499e-04
2.717546039970259e+01 6.960871298881672e-05 -1.069050110785666e-04
2.726665321983582e+01 5.980697429897683e-05 -1.079057255835883e-04
2.735784603996905e+01 4.995626656653194e-05 -1.079852360899705e-04
2.744903886010228e+01 4.013879719732057e-05 -1.071839570521558e-04
2.754023168023551e+01 3.043283938610930e-05 -1.055476568689429e-04
2.763142450036874e+01 2.091227160203717e-05 -1.031268474334905e-04
2.772261732050197e+01 1.164617330202402e-05 -9.997616235762084e-05
2.781381014063520e+01 2.698477650246864e-06 -9.615372942639237e-05
2.790500296076843e+01 -5.872318475997387e-06 -9.172054263813847e-05
2.799619578090166e+01 -1.401338739159943e-05 -8.673983894984430e-05
2.808738860103489e+01 -2.167774707264216e-05 -8.127648458130111e-05
2.817858142116812e+01 -2.882438227101933e-05 -7.539637543749572e-05
2.826977424130135e+01 -3.541831175804687e-05 -6.916585589077228e-05
2.836096706143458e+01 -4.143060355196276e-05 -6.265115982609768e-05
2.845215988156781e+01 -4.683834032409998e-05 -5.591787749791947e-05
2.854335270170104e+01 -5.162453748542638e-05 -4.903045137925396e-05
2.863454552183427e+01 -5.577801672805167e-05 -4.205170380634603e-05
2.872573834196750e+01 -5.929323803450371e-05 -3.504239883899116e-05
2.881693116210073e+01 -6.217009337068572e-05 -2.806084037078048e-05
2.890812398223396e+01 -6.441366544635727e-05 -2.116250813837210e-05
2.899931680236719e+01 -6.603395505993813e-05 -1.439973289750448e-05
2.909050962250042e+01 -6.704558064289483e-05 -7.821411658781558e-06
2.918170244263365e+01 -6.746745368367221e-05 -1.472763511018751e-06
2.927289526276688e+01 -6.732243374305566e-05 4.604873793309186e-06
2.936408808290011e+01 -6.663696677319598e-05 1.037420665489845e-05
2.945528090303334e+01 -6.544071042270167e-05 1.580210833358369e-05
2.954647372316657e+01 -6.376614995179236e-05 2.085970233445191e-05
2.963766654329980e+01 -6.164820829625697e-05 2.552240754927935e-05
2.972885936343303e+01 -5.912385370876377e-05 2.976994649123501e-05
2.982005218356626e+01 -5.623170827293182e-05 3.358631820097990e-05
2.991124500369950e+01 -5.301166043159768e-05 3.695973761895091e-05
3.000243782383273e+01 -4.950448449807993e-05 3.988254341104024e-05
3.009363064396596e+01 -4.575146993018896e-05 4.235107640258315e-05
3.018482346409919e+01 -4.179406294351853e-05 4.436553091828789e-05
3.027601628423242e+01 -3.767352282547206e-05 4.592978144343571e-05
3.036720910436565e+01 -3.343059508679557e-05 4.705118711450558e-05
3.045840192449888e+01 -2.910520335536379e-05 4.774037661569187e-05
3.054959474463211e+01 -2.473616167980954e-05 4.801101610212139e-05
3.064078756476534e+01 -2.036090867045301e-05 4.787956279164713e-05
3.073198038489857e+01 -1.601526466396167e-05 4.736500686576590e-05
3.082317320503180e+01 -1.173321285824974e-05 4.648860429748545e-05
3.091436602516503e+01 -7.546705127210039e-06 4.527360318099030e-05
3.100555884529826e+01 -3.485492992749442e-06 4.374496607597836e-05
3.109675166543149e+01 4.230159940545399e-07 4.192909079991109e-05
3.118794448556472e+01 4.153876428500241e-06 3.985353200557272e-05
3.127913730569795e+01 7.684697958553884e-06 3.754672577077142e-05
3.137033012583118e+01 1.099571329345349e-05 3.503771930328908e-05
3.146152294596441e+01 1.406982187189197e-05 3.235590772889138e-05
3.155271576609764e+01 1.689260991994367e-05 2.953077978495778e-05
3.164390858623087e+01 1.945234778815699e-05 2.659167408870834e-05
3.173510140636410e+01 2.173996560217090e-05 2.356754748870822e-05
3.182629422649733e+01 2.374900839128431e-05 2.048675684292322e-05
3.191748704663056e+01 2.547557197422224e-05 1.737685539765283e-05
3.200867986676379e+01 2.691822098064709e-05 1.426440477071065e-05
3.209987268689702e+01 2.807789047064309e-05 1.117480337073392e-05
3.219106550703025e+01 2.895777268247257e-05 8.132131913902054e-06
3.228225832716348e+01 2.956319049150790e-05 5.159016530973973e-06
3.237345114729671e+01 2.990145920064401e-05 2.276509792684036e-06
3.246464396742994e+01 2.998173830506745e-05 -4.960101786490543e-07
3.255583678756317e+01 2.981487488247694e-05 -3.140922497856009e-06
3.264702960769640e+01 2.941324025428937e-05 -5.642428340185277e-06
3.273822242782963e+01 2.879056154468463e-05 -7.986598073263614e-06
3.282941524796286e+01 2.796174973327849e-05 -1.016140110340650e-05
3.292060806809609e+01 2.694272575456926e-05 -1.215671896427926e-05
3.301180088822932e+01 2.575024614394360e-05 -1.396434228851029e-05
3.310299370836255e+01 2.440172966686191e-05 -1.557795240523573e-05
3.319418652849578e+01 2.291508629582213e-05 -1.699308839833346e-05
3.328537934862901e+01 2.130854981980493e-05 -1.820710054101073e-05
3.337657216876224e+01 1.960051528413117e-05 -1.921909109227182e-05
3.346776498889547e+01 1.780938236602676e-05 -2.002984349953323e-05
3.355895780902870e+01 1.595340569370392e-05 -2.064174109929423e-05
3.365015062916194e+01 1.405055301543999e-05 -2.105867644441659e-05
3.374134344929517e+01 1.211837202095925e-05 -2.128595241241207e-05
3.383253626942840e+01 1.017386651137318e-05 -2.133017626445073e-05
3.392372908956163e+01 8.233382506955538e-06 -2.119914782993278e-05
3.401492190969486e+01 6.312504775030458e-06 -2.090174298682357e-05
3.410611472982809e+01 4.425964154104859e-06 -2.044779359400842e-05
3.419730754996132e+01 2.587555945905564e-06 -1.984796500920987e-05
3.428850037009455e+01 8.100695449597754e-07 -1.911363229509930e-05
3.437969319022778e+01 -8.947706234946127e-07 -1.825675617774446e-05
3.447088601036101e+01 -2.516352881503630e-06 -1.728975977611527e-05
3.456207883049424e+01 -4.045214907120567e-06 -1.622540706969891e-05
3.465327165062747e+01 -5.473069374300256e-06 -1.507668401405187e-05
3.474446447076070e+01 -6.792818904580370e-06 -1.385668315205150e-05
3.483565729089393e+01 -7.998560685486487e-06 -1.257849250242514e-05
3.492685011102716e+01 -9.085581178722237e-06 -1.125508943754999e-05
3.501804293116039e+01 -1.005034140285711e-05 -9.899240190250071e-06
3.510923575129362e+01 -1.089045333019007e-05 -8.523405555074006e-06
3.520042857142685e+01 -1.160464798559863e-05 -7.139653274009506e-06
3.529162139156008e+01 -1.219273587639386e-05 -5.759577520449543e-06
3.538281421169331e+01 -1.265556041646588e-05 -4.394225819115673e-06
3.547400703182654e+01 -1.299494503535265e-05 -3.054033664183861e-06
3.556519985195977e+01 -1.321363468338393e-05 -1.748767023630837e-06
3.565639267209300e+01 -1.331523245787933e-05 -4.874728453728938e-07
3.574758549222623e+01 -1.330413208270041e-05 7.215623893869119e-07
3.583877831235946e+01 -1.318544697450295e-05 1.870846087585035e-06
3.592997113249269e+01 -1.296493662407706e-05 2.953705026694255e-06
3.602116395262592e+01 -1.264893101050836e-05 3.964303044940804e-06
3.611235677275915e+01 -1.224425374988316e-05 4.897651142947861e-06
3.620354959289238e+01 -1.175814465926315e-05 5.749610252983967e-06
3.629474241302561e+01 -1.119818239106395e-05 6.516886980142930e-06
3.638593523315884e+01 -1.057220776319868e-05 7.197022663311544e-06
3.647712805329207e+01 -9.888248376821576e-06 7.788376142544956e-06
3.656832087342530e+01 -9.154445076667222e-06 8.290100653364567e-06
3.665951369355853e+01 -8.378980769274243e-06 8.702115297461331e-06
3.675070651369176e+01 -7.570012072260038e-06 9.025071563312695e-06
3.684189933382499e+01 -6.735604223723927e-06 9.260315389329307e-06
3.693309215395822e+01 -5.883669635246700e-06 9.409845276401783e-06
3.702428497409145e+01 -5.021910425262609e-06 9.476266966219134e-06
3.711547779422468e+01 -4.157765222233402e-06 9.462745206613287e-06
3.720667061435791e+01 -3.298360479466559e-06 9.372953125614689e-06
3.729786343449114e+01 -2.450466495988848e-06 9.211019732077614e-06
3.738905625462437e+01 -1.620458290990142e-06 8.981476052870626e-06
3.748024907475760e+01 -8.142814333480618e-07 8.689200404972217e-06
3.757144189489083e+01 -3.742288296559753e-08 8.339363285627130e-06
3.766263471502406e+01 7.051131425895754e-07 7.937372345286176e-06
3.775382753515729e+01 1.408824304080925e-06 7.488817886666055e-06
3.784502035529052e+01 2.069724346523015e-06 6.999419309230954e-06
3.793621317542375e+01 2.684352479366059e-06 6.474972892027949e-06
3.802740599555698e+01 3.249778069837908e-06 5.921301279421899e-06
3.811859881569021e+01 3.763600820220287e-06 5.344205004192772e-06
3.820979163582344e+01 4.223946628911528e-06 4.749416350999538e-06
3.830098445595667e+01 4.629459361284002e-06 4.142555830696469e-06
3.839217727608990e+01 4.979288779498530e-06 3.529091502721596e-06
3.848337009622313e+01 5.273074900535926e-06 2.914301349066497e-06
3.857456291635636e+01 5.510929068720561e-06 2.303238869475405e-06
3.866575573648959e+01 5.693412042941442e-06 1.700702033791519e-06
3.875694855662282e+01 5.821509409647301e-06 1.111205694037520e-06
3.884814137675605e+01 5.896604640551478e-06 5.389575261387531e-07
3.893933419688928e+01 5.920450118900374e-06 -1.216246059245674e-08
3.903052701702251e+01 5.895136460227200e-06 -5.386188387755101e-07
3.912171983715574e+01 5.823060452840787e-06 -1.037234125022881e-06
3.921291265728897e+01 5.706891940014922e-06 -1.505198638571618e-06
3.930410547742220e+01 5.549539960090236e-06 -1.940076932552577e-06
3.939529829755543e+01 5.354118452634884e-06 -2.339810898417476e-06
3.948649111768867e+01 5.123911828600570e-06 -2.702719666589901e-06
3.957768393782190e+01 4.862340690235617e-06 -3.027496446947709e-06
3.966887675795513e+01 4.572927972563032e-06 -3.313202471203364e-06
3.976006957808836e+01 4.259265762691684e-06 -3.559258215568538e-06
3.985126239822159e+01 3.924983036299652e-06 -3.765432096232456e-06
3.994245521835482e+01 3.573714532509946e-06 -3.931826842132196e-06
4.003364803848805e+01 3.209070969270485e-06 -4.058863759248152e-06
4.012484085862128e+01 2.834610781451610e-06 -4.147265108237675e-06
4.021603367875451e+01 2.453813543382566e-06 -4.198034822659969e-06
4.030722649888774e+01 2.070055216656043e-06 -4.212437798396618e-06
4.039841931902097e+01 1.686585342924763e-06 -4.191977986200874e-06
4.048961213915420e+01 1.306506280277056e-06 -4.138375518693972e-06
4.058080495928743e+01 9.327545607825445e-07 -4.053543100660298e-06
4.067199777942066e+01 5.680844261087934e-07 -3.939561887277457e-06
4.076319059955389e+01 2.150535778794180e-07 -3.798657069064634e-06
4.085438341968712e+01 -1.239888401823355e-07 -3.633173374963420e-06
4.094557623982035e+01 -4.469120301707215e-07 -3.445550696207124e-06
4.103676905995358e+01 -7.518111178546987e-07 -3.238300023620407e-06
4.112796188008681e+01 -1.037012557422483e-06 -3.013979879858361e-06
4.121915470022004e+01 -1.301077416067727e-06 -2.775173415983017e-06
4.131034752035327e+01 -1.542802606234942e-06 -2.524466328827905e-06
4.140154034048650e+01 -1.761220146991696e-06 -2.264425741959984e-06
4.149273316061973e+01 -1.955594548374787e-06 -1.997580178854863e-06
4.158392598075296e+01 -2.125418423623105e-06 -1.726400742295642e-06
4.167511880088619e+01 -2.270406443929850e-06 -1.453283599124879e-06
4.176631162101942e+01 -2.390487758702326e-06 -1.180533854456419e-06
4.185750444115265e+01 -2.485797011301419e-06 -9.103508844172732e-07
4.194869726128588e+01 -2.556664085849708e-06 -6.448151815624450e-07
4.203989008141911e+01 -2.603602724962077e-06 -3.858767524036472e-07
4.213108290155234e+01 -2.627298161191420e-06 -1.353450921259513e-07
4.222227572168557e+01 -2.628593906629726e-06 1.051192523639377e-07
4.231346854181880e+01 -2.608477845505744e-06 3.340115333139840e-07
4.240466136195203e+01 -2.568067773826706e-06 5.499880819682341e-07
4.249585418208526e+01 -2.508596528183182e-06 7.518700445061813e-07
4.258704700221849e+01 -2.431396842839026e-06 9.386456125458210e-07
4.267823982235172e+01 -2.337886070234714e-06 1.109470797191422e-06
4.276943264248495e+01 -2.229550895118968e-06 1.263668805255714e-06
4.286062546261818e+01 -2.107932166771307e-06 1.400728085028503e-06
4.295181828275141e+01 -1.974609967271236e-06 1.520299116769090e-06
4.304301110288464e+01 -1.831189026594572e-06 1.622190029946543e-06
4.313420392301787e+01 -1.679284587562146e-06 1.706361135127089e-06
4.322539674315110e+01 -1.520508815419517e-06 1.772918463307155e-06
4.331658956328433e+01 -1.356457838177356e-06 1.822106409417549e-06
4.340778238341756e+01 -1.188699494879006e-06 1.854299579690515e-06
4.349897520355079e+01 -1.018761859771208e-06 1.869993944605470e-06
4.359016802368402e+01 -8.481226010208301e-07 1.869797400236835e-06
4.368136084381725e+01 -6.781992232269917e-07 1.854419841050257e-06
4.377255366395048e+01 -5.103402336030106e-07 1.824662846569361e-06
4.386374648408371e+01 -3.458172624216740e-07 1.781409082906791e-06
4.395493930421694e+01 -1.858181592014769e-07 1.725611517968105e-06
4.404613212435017e+01 -3.144107722749362e-08 1.658282546246639e-06
4.413732494448340e+01 1.163104495897795e-07 1.580483115586593e-06
4.422851776461663e+01 2.565314417542169e-07 1.493311944158124e-06
4.431971058474986e+01 3.884184331973569e-07 1.397894911222109e-06
4.441090340488309e+01 5.112714737308535e-07 1.295374700125167e-06
4.450209622501632e+01 6.244952013069756e-07 1.186900766420166e-06
4.459328904514955e+01 7.275990168373671e-07 1.073619698117093e-06
4.468448186528278e+01 8.201964001511200e-07 9.566660288969847e-07
4.477567468541601e+01 9.020034109307265e-07 8.371535587304375e-07
4.486686750554924e+01 9.728364231315272e-07 7.161672297935452e-07
4.495806032568247e+01 1.032609145455243e-06 5.947555989283394e-07
4.504925314581570e+01 1.081328983904896e-06 4.739239412101216e-07
4.514044596594893e+01 1.119092805295920e-06 3.546280125165949e-07
4.523163878608216e+01 1.146082162840545e-06 2.377684923967859e-07
4.532283160621540e+01 1.162558046568382e-06 1.241861220618534e-07
4.541402442634863e+01 1.168855222408755e-06 1.465754601222318e-08
4.550521724648186e+01 1.165376224257052e-06 -9.010814028019037e-08
4.559641006661509e+01 1.152585063299467e-06 -1.894721400595451e-07
4.568760288674832e+01 1.131000718302532e-06 -2.828680113236219e-07
4.577879570688155e+01 1.101190469513669e-06 -3.698030434263463e-07
4.586998852701478e+01 1.063763137297192e-06 -4.498589733462280e-07
4.596118134714801e+01 1.019362284679574e-06 -5.226920652346805e-07
4.605237416728124e+01 9.686594406335150e-07 -5.880325809782045e-07
4.614356698741447e+01 9.123473982287857e-07 -6.456836732195033e-07
4.623475980754770e+01 8.511336387570388e-07 -6.955197355728127e-07
4.632595262768093e+01 7.857339296364024e-07 -7.374842476301098e-07
4.641714544781416e+01 7.168661403591050e-07 -7.715871547832820e-07
4.650833826794739e+01 6.452443170011339e-07 -7.979018248823604e-07
4.659953108808062e+01 5.715730519063922e-07 -8.165616253146618e-07
4.669072390821385e+01 4.965421811279929e-07 -8.277561652306005e-07
4.678191672834708e+01 4.208218380944132e-07 -8.317272483686629e-07
4.687310954848031e+01 3.450578878054755e-07 -8.287645822571228e-07
4.696430236861354e+01 2.698677616884554e-07 -8.192012895087925e-07
4.705549518874677e+01 1.958367090924924e-07 -8.034092664951596e-07
4.714668800888000e+01 1.235144773026285e-07 -7.817944339075885e-07
4.723788082901323e+01 5.341242794402741e-08 -7.547919226077249e-07
4.732907364914646e+01 -1.399890624900920e-08 -7.228612367603983e-07
4.742026646927969e+01 -7.829182407918455e-08 -6.864814345551203e-07
4.751145928941292e+01 -1.390830213164781e-07 -6.461463648828440e-07
4.760265210954615e+01 -1.960347256831846e-07 -6.023599961699915e-07
4.769384492967938e+01 -2.488554113594067e-07 -5.556318712094706e-07
4.778503774981261e+01 -2.973001059463658e-07 -5.064727192965184e-07
4.787623056994584e+01 -3.411703055590149e-07 -4.553902543038283e-07
4.796742339007907e+01 -3.803135162043844e-07 -4.028851845435913e-07
4.805861621021230e+01 -4.146224418287732e-07 -3.494474573914720e-07
4.814980903034553e+01 -4.440338413787507e-07 -2.955527587163468e-07
4.824100185047876e+01 -4.685270789138109e-07 -2.416592841962434e-07
4.833219467061199e+01 -4.881223922306682e-07 -1.882047966308655e-07
4.842338749074522e+01 -5.028789066111104e-07 -1.356039804087910e-07
4.851458031087845e+01 -5.128924211897161e-07 -8.424610137606624e-08
4.860577313101168e+01 -5.182929960593509e-07 -3.449297750434601e-08
4.869696595114491e+01 -5.192423685978171e-07 1.332273700874569e-08
4.878815877127814e+01 -5.159312276168344e-07 5.889895423794905e-08
4.887935159141137e+01 -5.085763738147078e-07 1.019652442029271e-07
4.897054441154460e+01 -4.974177946682024e-07 1.422836207008569e-07
4.906173723167783e+01 -4.827156813401434e-07 1.796490285471973e-07
4.915293005181106e+01 -4.647474144211577e-07 2.138895415753990e-07
4.924412287194429e+01 -4.438045443817918e-07 2.448662826792557e-07
4.933531569207752e+01 -4.201897915008456e-07 2.724730789367116e-07
4.942650851221075e+01 -3.942140887736616e-07 2.966358664249006e-07
4.951770133234398e+01 -3.661936899073351e-07 3.173118607184447e-07
4.960889415247721e+01 -3.364473629956926e-07 3.344885102537673e-07
4.970008697261044e+01 -3.052936888529728e-07 3.481822507402389e-07
4.979127979274367e+01 -2.730484812889829e-07 3.584370796048578e-07
4.988247261287690e+01 -2.400223448475438e-07 3.653229700728853e-07
4.997366543301013e+01 -2.065183837214719e-07 3.689341449158825e-07

