# omega0=1, alpha=2
# theta0=0.1, theta_dot0=0
# t_start=0, t_end=50, h=0.00911928
#   t          x(t)                 v(t)       
0  1.000000000000000e-01  0.000000000000000e+00
9.119282013323059e-02 9.960927930137303e-02 -8.310650950326258e-03
1.823856402664613e-01 9.852825857978963e-02 -1.517292873185186e-02
2.735784603996920e-01 9.688019665353387e-02 -2.077642165899031e-02
3.647712805329227e-01 9.477209080587033e-02 -2.528860771647510e-02
4.559641006661534e-01 9.229658074660060e-02 -2.885727433501983e-02
5.471569207993838e-01 8.953364357259437e-02 -3.161268651173681e-02
6.383497409326140e-01 8.655210156178454e-02 -3.366952740812526e-02
7.295425610658441e-01 8.341096251942900e-02 -3.512863370071697e-02
8.207353811990743e-01 8.016061044703895e-02 -3.607854614939605e-02
9.119282013323045e-01 7.684386251846059e-02 -3.659689409738691e-02
1.003121021465535e+00 7.349690671806081e-02 -3.675163094101721e-02
1.094313841598765e+00 7.015013301525801e-02 -3.660213602146289e-02
1.185506661731995e+00 6.682886960901080e-02 -3.620019690586337e-02
1.276699481865225e+00 6.355403456577562e-02 -3.559088464811571e-02
1.367892301998455e+00 6.034271208489949e-02 -3.481333335283225e-02
1.459085122131685e+00 5.720866164639161e-02 -3.390143420845335e-02
1.550277942264916e+00 5.416276741769174e-02 -3.288445310380708e-02
1.641470762398146e+00 5.121343450900918e-02 -3.178757999113151e-02
1.732663582531376e+00 4.836693796217868e-02 -3.063241730119784e-02
1.823856402664606e+00 4.562772972752607e-02 -2.943741394555177e-02
1.915049222797836e+00 4.299870831938272e-02 -2.821825074968058e-02
2.006242042931067e+00 4.048145533672232e-02 -2.698818254185716e-02
2.097434863064297e+00 3.807644258465820e-02 -2.575834156854607e-02
2.188627683197527e+00 3.578321312959009e-02 -2.453800641203344e-02
2.279820503330757e+00 3.360053926055988e-02 -2.333484014330525e-02
2.371013323463987e+00 3.152656000732578e-02 -2.215510104760638e-02
2.462206143597217e+00 2.955890057773770e-02 -2.100382890654527e-02
2.553398963730448e+00 2.769477581956960e-02 -1.988500950454531e-02
2.644591783863678e+00 2.593107958180638e-02 -1.880171974483406e-02
2.735784603996908e+00 2.426446164461016e-02 -1.775625550739019e-02
2.826977424130138e+00 2.269139370323179e-02 -1.675024415511592e-02
2.918170244263368e+00 2.120822572669450e-02 -1.578474339210697e-02
3.009363064396598e+00 1.981123386510977e-02 -1.486032799670822e-02
3.100555884529828e+00 1.849666094815958e-02 -1.397716578981264e-02
3.191748704663059e+00 1.726075049996243e-02 -1.313508405357369e-02
3.282941524796289e+00 1.609977509076734e-02 -1.233362748557284e-02
3.374134344929519e+00 1.501005975238466e-02 -1.157210865692447e-02
3.465327165062749e+00 1.398800110079147e-02 -1.084965183839388e-02
3.556519985195979e+00 1.303008273489447e-02 -1.016523096508918e-02
3.647712805329209e+00 1.213288741405229e-02 -9.517702426536160e-03
3.738905625462440e+00 1.129310645780979e-02 -8.905833293950430e-03
3.830098445595670e+00 1.050754675862162e-02 -8.328325529381250e-03
3.921291265728900e+00 9.773135751462575e-03 -7.783836661310347e-03
4.012484085862130e+00 9.086924642528737e-03 -7.270997357522562e-03
4.103676905995361e+00 8.446090162179743e-03 -6.788426277975248e-03
4.194869726128591e+00 7.847935074367485e-03 -6.334742547397324e-03
4.286062546261821e+00 7.289887645600536e-03 -5.908576148924184e-03
4.377255366395051e+00 6.769500250611188e-03 -5.508576505751301e-03
4.468448186528281e+00 6.284447268968708e-03 -5.133419487145368e-03
4.559641006661511e+00 5.832522406600590e-03 -4.781813047807778e-03
4.650833826794742e+00 5.411635558257900e-03 -4.452501685199782e-03
4.742026646927972e+00 5.019809311135779e-03 -4.144269877705406e-03
4.833219467061202e+00 4.655175175906767e-03 -3.855944647151150e-03
4.924412287194432e+00 4.315969619137515e-03 -3.586397371972853e-03
5.015605107327662e+00 4.000529960255090e-03 -3.334544961997087e-03
5.106797927460892e+00 3.707290186742779e-03 -3.099350492186674e-03
5.197990747594122e+00 3.434776732930077e-03 -2.879823380607575e-03
5.289183567727353e+00 3.181604260465626e-03 -2.675019185145773e-03
5.380376387860583e+00 2.946471472207818e-03 -2.484039083992745e-03
5.471569207993813e+00 2.728156985730297e-03 -2.306029096496394e-03
5.562762028127043e+00 2.525515287825100e-03 -2.140179093523929e-03
5.653954848260273e+00 2.337472787210749e-03 -1.985721639899280e-03
5.745147668393503e+00 2.163023979041729e-03 -1.841930705666150e-03
5.836340488526734e+00 2.001227731702907e-03 -1.708120277804424e-03
5.927533308659964e+00 1.851203703698264e-03 -1.583642899516844e-03
6.018726128793194e+00 1.712128896155205e-03 -1.467888160237026e-03
6.109918948926424e+00 1.583234344516665e-03 -1.360281156028485e-03
6.201111769059654e+00 1.463801951341759e-03 -1.260280936993122e-03
6.292304589192884e+00 1.353161460744605e-03 -1.167378955638357e-03
6.383497409326115e+00 1.250687573837653e-03 -1.081097527821293e-03
6.474690229459345e+00 1.155797203581031e-03 -1.000988315857487e-03
6.565883049592575e+00 1.067946866647511e-03 -9.266308416164749e-04
6.657075869725805e+00 9.866302092708446e-04 -8.576310358954218e-04
6.748268689859035e+00 9.113756635333231e-04 -7.936198290386868e-04
6.839461509992265e+00 8.417442301486981e-04 -7.342517866302793e-04
6.930654330125495e+00 7.773273834934422e-04 -6.792037931063319e-04
7.021847150258726e+00 7.177450944189129e-04 -6.281737852964909e-04
7.113039970391956e+00 6.626439662272211e-04 -5.808795371892958e-04
7.204232790525186e+00 6.116954791038509e-04 -5.370574966118835e-04
7.295425610658416e+00 5.645943382610235e-04 -4.964616740051321e-04
7.386618430791646e+00 5.210569210492848e-04 -4.588625830496180e-04
7.477811250924876e+00 4.808198183337110e-04 -4.240462325448085e-04
7.569004071058107e+00 4.436384654992774e-04 -3.918131686543186e-04
7.660196891191337e+00 4.092858585419251e-04 -3.619775663954614e-04
7.751389711324567e+00 3.775513508130141e-04 -3.343663690643349e-04
7.842582531457797e+00 3.482395261111487e-04 -3.088184741418010e-04
7.933775351591027e+00 3.211691439532994e-04 -2.851839641151892e-04
8.024968171724257e+00 2.961721530037455e-04 -2.633233805703331e-04
8.116160991857488e+00 2.730927687920766e-04 -2.431070398541980e-04
8.207353811990718e+00 2.517866120081162e-04 -2.244143885759674e-04
8.298546632123948e+00 2.321199038203588e-04 -2.071333972006229e-04
8.389739452257178e+00 2.139687148237510e-04 -1.911599899907841e-04
8.480932272390408e+00 1.972182643811348e-04 -1.763975095672640e-04
8.572125092523638e+00 1.817622672793075e-04 -1.627562143841701e-04
8.663317912656868e+00 1.675023247745629e-04 -1.501528074484740e-04
8.754510732790099e+00 1.543473572530571e-04 -1.385099946550610e-04
8.845703552923329e+00 1.422130758778003e-04 -1.277560711548851e-04
8.936896373056559e+00 1.310214907360874e-04 -1.178245342247198e-04
9.028089193189789e+00 1.207004531384034e-04 -1.086537211610050e-04
9.119282013323019e+00 1.111832298520215e-04 -1.001864707765301e-04
9.210474833456249e+00 1.024081071795031e-04 -9.236980713634353e-05
9.301667653589480e+00 9.431802291400053e-05 -8.515464422768020e-05
9.392860473722710e+00 8.686022431961511e-05 -7.849551031727912e-05
9.484053293855940e+00 7.998595039608926e-05 -7.235029080774298e-05
9.575246113989170e+00 7.365013679284372e-05 -6.667998846218673e-05
9.666438934122400e+00 6.781114183790122e-05 -6.144849992300069e-05
9.757631754255630e+00 6.243049224266183e-05 -5.662240750586283e-05
9.848824574388860e+00 5.747264713394235e-05 -5.217078530395954e-05
9.940017394522091e+00 5.290477915030429e-05 -4.806501868955869e-05
1.003121021465532e+01 4.869657142062866e-05 -4.427863635049592e-05
1.012240303478855e+01 4.482002931931478e-05 -4.078715404769906e-05
1.021359585492178e+01 4.124930596455892e-05 -3.756792932652505e-05
1.030478867505501e+01 3.796054049408002e-05 -3.460002645938481e-05
1.039598149518824e+01 3.493170821658604e-05 -3.186409093986749e-05
1.048717431532147e+01 3.214248179739165e-05 -2.934223288935214e-05
1.057836713545470e+01 2.957410269308652e-05 -2.701791877592593e-05
1.066955995558793e+01 2.720926210318742e-05 -2.487587088234584e-05
1.076075277572116e+01 2.503199075646144e-05 -2.290197399482139e-05
1.085194559585439e+01 2.302755689624957e-05 -2.108318881760810e-05
1.094313841598762e+01 2.118237187281459e-05 -1.940747164983634e-05
1.103433123612085e+01 1.948390279164418e-05 -1.786369989071591e-05
1.112552405625408e+01 1.792059170491367e-05 -1.644160296731440e-05
1.121671687638731e+01 1.648178086909997e-05 -1.513169830556948e-05
1.130790969652054e+01 1.515764362518376e-05 -1.392523199012764e-05
1.139910251665377e+01 1.393912048911527e-05 -1.281412378206983e-05
1.149029533678700e+01 1.281786006938123e-05 -1.179091618565362e-05
1.158148815692023e+01 1.178616445572282e-05 -1.084872727593766e-05
1.167268097705346e+01 1.083693874843217e-05 -9.981207018622395e-06
1.176387379718669e+01 9.963644421314531e-06 -9.182496831703907e-06
1.185506661731992e+01 9.160256233448666e-06 -8.447192155658492e-06
1.194625943745315e+01 8.421222425412469e-06 -7.770307814913758e-06
1.203745225758638e+01 7.741427954759947e-06 -7.147245968376940e-06
1.212864507771961e+01 7.116160543329626e-06 -6.573766460838712e-06
1.221983789785284e+01 6.541079325519823e-06 -6.045959400206157e-06
1.231103071798607e+01 6.012185902063032e-06 -5.560219797793496e-06
1.240222353811930e+01 5.525797618146573e-06 -5.113224120364335e-06
1.249341635825254e+01 5.078522898031048e-06 -4.701908613322237e-06
1.258460917838577e+01 4.667238480679502e-06 -4.323449264433064e-06
1.267580199851900e+01 4.289068412391878e-06 -3.975243286776591e-06
1.276699481865223e+01 3.941364663100674e-06 -3.654892008307481e-06
1.285818763878546e+01 3.621689242880662e-06 -3.360185063496307e-06
1.294938045891869e+01 3.327797704410055e-06 -3.089085790057110e-06
1.304057327905192e+01 3.057623925642021e-06 -2.839717740784177e-06
1.313176609918515e+01 2.809266074849285e-06 -2.610352227050804e-06
1.322295891931838e+01 2.580973667534076e-06 -2.399396816597980e-06
1.331415173945161e+01 2.371135631490684e-06 -2.205384713891105e-06
1.340534455958484e+01 2.178269302605968e-06 -2.026964956575833e-06
1.349653737971807e+01 2.001010279819322e-06 -1.862893366446283e-06
1.358773019985130e+01 1.838103073070524e-06 -1.712024197874875e-06
1.367892301998453e+01 1.688392483072008e-06 -1.573302430866271e-06
1.377011584011776e+01 1.550815656379925e-06 -1.445756659810015e-06
1.386130866025099e+01 1.424394763532382e-06 -1.328492532638050e-06
1.395250148038422e+01 1.308230251998095e-06 -1.220686698463496e-06
1.404369430051745e+01 1.201494629357500e-06 -1.121581224903864e-06
1.413488712065068e+01 1.103426735542442e-06 -1.030478449192082e-06
1.422607994078391e+01 1.013326466109927e-06 -9.467362298681305e-07
1.431727276091714e+01 9.305499114385159e-07 -8.697635683373083e-07
1.440846558105037e+01 8.545048794301824e-07 -7.990165718921115e-07
1.449965840118360e+01 7.846467717916849e-07 -7.339947319360700e-07
1.459085122131683e+01 7.204747862727868e-07 -6.742374931318048e-07
1.468204404145006e+01 6.615284193677471e-07 -6.193210910331101e-07
1.477323686158329e+01 6.073842459543118e-07 -5.688556374625479e-07
1.486442968171652e+01 5.576529541628704e-07 -5.224824344715447e-07
1.495562250184975e+01 5.119766154486210e-07 -4.798714991783997e-07
1.504681532198298e+01 4.700261713917766e-07 -4.407192831293710e-07
1.513800814211621e+01 4.314991201846064e-07 -4.047465710769810e-07
1.522920096224944e+01 3.961173870882767e-07 -3.716965452251715e-07
1.532039378238267e+01 3.636253643652653e-07 -3.413330020597681e-07
1.541158660251590e+01 3.337881073221649e-07 -3.134387098711976e-07
1.550277942264913e+01 3.063896741400348e-07 -2.878138959904343e-07
1.559397224278236e+01 2.812315981316283e-07 -2.642748536041989e-07
1.568516506291559e+01 2.581314819528899e-07 -2.426526587965804e-07
1.577635788304882e+01 2.369217041156710e-07 -2.227919891862083e-07
1.586755070318205e+01 2.174482289048686e-07 -2.045500361952699e-07
1.595874352331528e+01 1.995695115009450e-07 -1.877955036030892e-07
1.604993634344851e+01 1.831554907524984e-07 -1.724076856064638e-07
1.614112916358174e+01 1.680866626373370e-07 -1.582756181349662e-07
1.623232198371497e+01 1.542532279981857e-07 -1.452972976552344e-07
1.632351480384820e+01 1.415543086442406e-07 -1.333789621468912e-07
1.641470762398143e+01 1.298972263755543e-07 -1.224344293469546e-07
1.650590044411466e+01 1.191968399166966e-07 -1.123844877420049e-07
1.659709326424789e+01 1.093749351420853e-07 -1.031563361403737e-07
1.668828608438112e+01 1.003596643403925e-07 -9.468306798241884e-08
1.677947890451435e+01 9.208503060189796e-08 -8.690319684762456e-08
1.687067172464758e+01 8.449041372277729e-08 -7.976021989470813e-08
1.696186454478081e+01 7.752013430612211e-08 -7.320221622689939e-08
1.705305736491404e+01 7.112305300286771e-08 -6.718147741071300e-08
1.714425018504727e+01 6.525220207849692e-08 -6.165416759437202e-08
1.723544300518050e+01 5.986444671499422e-08 -5.658001087296208e-08
1.732663582531373e+01 5.492017366353186e-08 -5.192200373269276e-08
1.741782864544696e+01 5.038300505314457e-08 -4.764615057751383e-08
1.750902146558019e+01 4.621953533545806e-08 -4.372122049888584e-08
1.760021428571342e+01 4.239908950654510e-08 -4.011852359476112e-08
1.769140710584665e+01 3.889350089527063e-08 -3.681170527773868e-08
1.778259992597988e+01 3.567690694404632e-08 -3.377655713578970e-08
1.787379274611311e+01 3.272556153366525e-08 -3.099084302271830e-08
1.796498556624634e+01 3.001766251967476e-08 -2.843413916037138e-08
1.805617838637957e+01 2.753319325435099e-08 -2.608768713123330e-08
1.814737120651280e+01 2.525377696648491e-08 -2.393425872907163e-08
1.823856402664603e+01 2.316254296153876e-08 -2.195803171733112e-08
1.832975684677927e+01 2.124400368790056e-08 -2.014447562054560e-08
1.842094966691250e+01 1.948394179151500e-08 -1.848024674365631e-08
1.851214248704573e+01 1.786930635162576e-08 -1.695309167825277e-08
1.860333530717896e+01 1.638811755520640e-08 -1.555175861381790e-08
1.869452812731219e+01 1.502937912732878e-08 -1.426591582645701e-08
1.878572094744542e+01 1.378299788962761e-08 -1.308607676768642e-08
1.887691376757865e+01 1.263970986954449e-08 -1.200353122198780e-08
1.896810658771188e+01 1.159101242952149e-08 -1.101028204430981e-08
1.905929940784511e+01 1.062910192808341e-08 -1.009898702780605e-08
1.915049222797834e+01 9.746816464094080e-09 -9.262905488101940e-09
1.924168504811157e+01 8.937583291666825e-09 -8.495849183526973e-09
1.933287786824480e+01 8.195370526503961e-09 -7.792137221257996e-09
1.942407068837803e+01 7.514642795064169e-09 -7.146554627400859e-09
1.951526350851126e+01 6.890320506123605e-09 -6.554314284883802e-09
1.960645632864449e+01 6.317742450201544e-09 -6.011021966822349e-09
1.969764914877772e+01 5.792631456144932e-09 -5.512644214905064e-09
1.978884196891095e+01 5.311062856074410e-09 -5.055478832492273e-09
1.988003478904418e+01 4.869435530039863e-09 -4.636127780653985e-09
1.997122760917741e+01 4.464445320257573e-09 -4.251472282426000e-09
2.006242042931064e+01 4.093060621832845e-09 -3.898649956252297e-09
2.015361324944387e+01 3.752499972531150e-09 -3.575033814015056e-09
2.024480606957710e+01 3.440211478557201e-09 -3.278212972331160e-09
2.033599888971033e+01 3.153853926536195e-09 -3.005974938007299e-09
2.042719170984356e+01 2.891279444057653e-09 -2.756289339779679e-09
2.051838452997679e+01 2.650517582325873e-09 -2.527292988796701e-09
2.060957735011002e+01 2.429760704740560e-09 -2.317276159805609e-09
2.070077017024325e+01 2.227350574679599e-09 -2.124669993743232e-09
2.079196299037648e+01 2.041766044439776e-09 -1.948034930467389e-09
2.088315581050971e+01 1.871611755272186e-09 -1.786050087755432e-09
2.097434863064294e+01 1.715607765783560e-09 -1.637503509491415e-09
2.106554145077617e+01 1.572580032714877e-09 -1.501283212211064e-09
2.115673427090940e+01 1.441451674302329e-09 -1.376368964917844e-09
2.124792709104263e+01 1.321234952116961e-09 -1.261824742364357e-09
2.133911991117586e+01 1.211023912508724e-09 -1.156791796848065e-09
2.143031273130909e+01 1.109987633585440e-09 -1.060482298033209e-09
2.152150555144232e+01 1.017364028071693e-09 -9.721734944131138e-10
2.161269837157555e+01 9.324541564483151e-10 -8.912023537978191e-10
2.170389119170878e+01 8.546170084991226e-10 -8.169606436778501e-10
2.179508401184201e+01 7.832647148143680e-10 -7.488904155003062e-10
2.188627683197524e+01 7.178581529446538e-10 -6.864798598210109e-10
2.197746965210847e+01 6.579029157873308e-10 -6.292595019868796e-10
2.206866247224170e+01 6.029456124404043e-10 -5.767987104750548e-10
2.215985529237493e+01 5.525704741957726e-10 -5.287024922873164e-10
2.225104811250816e+01 5.063962405817678e-10 -4.846085518859004e-10
2.234224093264139e+01 4.640733024205664e-10 -4.441845920751038e-10
2.243343375277462e+01 4.252810807539029e-10 -4.071258369954984e-10
2.252462657290785e+01 3.897256222242917e-10 -3.731527590168850e-10
2.261581939304108e+01 3.571373930911380e-10 -3.420089928037958e-10
2.270701221317431e+01 3.272692555232368e-10 -3.134594211940803e-10
2.279820503330754e+01 2.998946111517657e-10 -2.872884187866475e-10
2.288939785344077e+01 2.748056981007298e-10 -2.632982402877966e-10
2.298059067357400e+01 2.518120288438147e-10 -2.413075417250194e-10
2.307178349370723e+01 2.307389572759978e-10 -2.211500236103086e-10
2.316297631384046e+01 2.114263643425671e-10 -2.026731860288472e-10
2.325416913397369e+01 1.937274524443637e-10 -1.857371864499364e-10
2.334536195410692e+01 1.775076396424573e-10 -1.702137918110210e-10
2.343655477424015e+01 1.626435454239413e-10 -1.559854171181687e-10
2.352774759437338e+01 1.490220604684742e-10 -1.429442434423132e-10
2.361894041450661e+01 1.365394934775451e-10 -1.309914087746016e-10
2.371013323463984e+01 1.251007886997334e-10 -1.200362657404962e-10
2.380132605477307e+01 1.146188083096474e-10 -1.099957006647636e-10
2.389251887490630e+01 1.050136742795944e-10 -1.007935089317010e-10
2.398371169503953e+01 9.621216482486799e-11 -9.235982200017317e-11
2.407490451517276e+01 8.814716090908424e-11 -8.463058181428984e-11
2.416609733530600e+01 8.075713866821355e-11 -7.754705870059679e-11
2.425729015543923e+01 7.398570395357819e-11 -7.105540916403448e-11
2.434848297557246e+01 6.778116550761685e-11 -6.510627028997468e-11
2.443967579570569e+01 6.209614357395996e-11 -5.965438773052170e-11
2.453086861583892e+01 5.688721100742699e-11 -5.465827450193638e-11
2.462206143597215e+01 5.211456419189085e-11 -5.007989804832058e-11
2.471325425610538e+01 4.774172129633586e-11 -4.588439323625284e-11
2.480444707623861e+01 4.373524560350395e-11 -4.203979913742251e-11
2.489563989637184e+01 4.006449183277921e-11 -3.851681763287532e-11
2.498683271650507e+01 3.670137355078680e-11 -3.528859203455041e-11
2.507802553663830e+01 3.362014992084312e-11 -3.233050406854222e-11
2.516921835677153e+01 3.079723018705623e-11 -2.961998770105061e-11
2.526041117690476e+01 2.821099442160491e-11 -2.713635841328986e-11
2.535160399703799e+01 2.584162918550469e-11 -2.486065664663066e-11
2.544279681717122e+01 2.367097686489807e-11 -2.277550424479317e-11
2.553398963730445e+01 2.168239754741266e-11 -2.086497281676939e-11
2.562518245743768e+01 1.986064239717229e-11 -1.911446303304059e-11
2.571637527757091e+01 1.819173757332110e-11 -1.751059394922519e-11
2.580756809770414e+01 1.666287781606662e-11 -1.604110152614415e-11
2.589876091783737e+01 1.526232889685384e-11 -1.469474558397633e-11
2.598995373797060e+01 1.397933819588615e-11 -1.346122449120118e-11
2.608114655810383e+01 1.280405273130562e-11 -1.233109694685619e-11
2.617233937823706e+01 1.172744402038881e-11 -1.129571026769802e-11
2.626353219837029e+01 1.074123920452146e-11 -1.034713464054101e-11
2.635472501850352e+01 9.837857916868461e-12 -9.478102844715319e-12
2.644591783863675e+01 9.010354414905972e-12 -8.681954990568597e-12
2.653711065876998e+01 8.252364539651947e-12 -7.952587857534149e-12
2.662830347890321e+01 7.558057099815612e-12 -7.284408449782555e-12
2.671949629903644e+01 6.922089312456978e-12 -6.672291419118865e-12
2.681068911916967e+01 6.339565962353025e-12 -6.111540033817942e-12
2.690188193930290e+01 5.806001970336387e-12 -5.597850398722018e-12
2.699307475943613e+01 5.317288086614746e-12 -5.127278656354425e-12
2.708426757956936e+01 4.869659448687128e-12 -4.696210921213416e-12
2.717546039970259e+01 4.459666765123408e-12 -4.301335719966425e-12
2.726665321983582e+01 4.084149906327420e-12 -3.939618729120964e-12
2.735784603996905e+01 3.740213701610939e-12 -3.608279619043788e-12
2.744903886010228e+01 3.425205758601455e-12 -3.304770829063927e-12
2.754023168023551e+01 3.136696136316685e-12 -3.026758112945605e-12
2.763142450036874e+01 2.872458717277260e-12 -2.772102707362597e-12
2.772261732050197e+01 2.630454136902000e-12 -2.538844988245599e-12
2.781381014063520e+01 2.408814140233560e-12 -2.325189491100072e-12
2.790500296076843e+01 2.205827246865133e-12 -2.129491181687540e-12
2.799619578090166e+01 2.019925614862257e-12 -1.950242872905445e-12
2.808738860103489e+01 1.849673003572357e-12 -1.786063692359850e-12
2.817858142116812e+01 1.693753743556777e-12 -1.635688513066317e-12
2.826977424130135e+01 1.550962629528490e-12 -1.497958266996620e-12
2.836096706143458e+01 1.420195659190948e-12 -1.371811067867032e-12
2.845215988156781e+01 1.300441547302459e-12 -1.256274075687746e-12
2.854335270170104e+01 1.190773950184479e-12 -1.150456041208522e-12
2.863454552183427e+01 1.090344341295627e-12 -1.053540473544862e-12
2.872573834196750e+01 9.983754834469475e-13 -9.647793789906496e-13
2.881693116210073e+01 9.141554477751283e-13 -8.834875233525639e-13
2.890812398223396e+01 8.370321337534548e-13 -8.090371741112872e-13
2.899931680236719e+01 7.664082483366007e-13 -7.408532823542941e-13
2.909050962250042e+01 7.017367058337157e-13 -6.784090677622829e-13
2.918170244263365e+01 6.425164133111585e-13 -6.212219729910838e-13
2.927289526276688e+01 5.882884092658458e-13 -5.688499565962409e-13
2.936408808290011e+01 5.386323260047636e-13 -5.208880962194772e-13
2.945528090303334e+01 4.931631486361158e-13 -4.769654761143018e-13
2.954647372316657e+01 4.515282458415634e-13 -4.367423352498577e-13
2.963766654329980e+01 4.134046496741417e-13 -3.999074542140230e-13
2.972885936343303e+01 3.784965635284940e-13 -3.661757609537210e-13
2.982005218356626e+01 3.465330791734023e-13 -3.352861370560512e-13
2.991124500369950e+01 3.172660853344638e-13 -3.069994078008066e-13
3.000243782383273e+01 2.904683517792623e-13 -2.810965006147142e-13
3.009363064396596e+01 2.659317741996352e-13 -2.573767578408860e-13
3.018482346409919e+01 2.434657664158114e-13 -2.356563909132080e-13
3.027601628423242e+01 2.228957875546471e-13 -2.157670641036052e-13
3.036720910436565e+01 2.040619928874658e-13 -1.975545969984485e-13
3.045840192449888e+01 1.868179979599742e-13 -1.808777757663063e-13
3.054959474463211e+01 1.710297465145677e-13 -1.656072641096323e-13
3.064078756476534e+01 1.565744735006625e-13 -1.516246055541106e-13
3.073198038489857e+01 1.433397551975395e-13 -1.388213094270189e-13
3.082317320503180e+01 1.312226391421062e-13 -1.270980135154050e-13
3.091436602516503e+01 1.201288471660644e-13 -1.163637169809387e-13
3.100555884529826e+01 1.099720454078617e-13 -1.065350776454608e-13
3.109675166543149e+01 1.006731756787972e-13 -9.753576825356400e-14
3.118794448556472e+01 9.215984303363558e-14 -8.929588676974783e-14
3.127913730569795e+01 8.436575482767674e-14 -8.175141618122177e-14
3.137033012583118e+01 7.723020693769803e-14 -7.484372965641789e-14
3.146152294596441e+01 7.069761318656579e-14 -6.851913725660584e-14
3.155271576609764e+01 6.471707434335765e-14 -6.272847071631236e-14
3.164390858623087e+01 5.924198337508533e-14 -5.742670309995720e-14
3.173510140636410e+01 5.422966390488309e-14 -5.257260040944667e-14
3.182629422649733e+01 4.964103908695604e-14 -4.812840246244681e-14
3.191748704663056e+01 4.544032834261971e-14 -4.405953058555849e-14
3.200867986676379e+01 4.159476961619471e-14 -4.033431987234171e-14
3.209987268689702e+01 3.807436500598754e-14 -3.692377394465758e-14
3.219106550703025e+01 3.485164780559468e-14 -3.380134032854640e-14
3.228225832716348e+01 3.190146915568691e-14 -3.094270471415858e-14
3.237345114729671e+01 2.920080265752863e-14 -2.832560251430724e-14
3.246464396742994e+01 2.672856543791801e-14 -2.592964626912434e-14
3.255583678756317e+01 2.446545428205930e-14 -2.373616756608981e-14
3.264702960769640e+01 2.239379556706915e-14 -2.172807225629585e-14
3.273822242782963e+01 2.049740783526527e-14 -1.988970785005739e-14
3.282941524796286e+01 1.876147594390422e-14 -1.820674206866606e-14
3.292060806809609e+01 1.717243581737253e-14 -1.666605161492519e-14
3.301180088822932e+01 1.571786890967778e-14 -1.525562030375276e-14
3.310299370836255e+01 1.438640556006118e-14 -1.396444576619923e-14
3.319418652849578e+01 1.316763649323597e-14 -1.278245400624995e-14
3.328537934862901e+01 1.205203177867385e-14 -1.170042115027053e-14
3.337657216876224e+01 1.103086662099827e-14 -1.070990178437354e-14
3.346776498889547e+01 1.009615340634056e-14 -9.803163325758088e-15
3.355895780902870e+01 9.240579477879176e-15 -8.973125920590936e-15
3.365015062916194e+01 8.457450158084942e-15 -8.213307403613773e-15
3.374134344929517e+01 7.740636575776719e-15 -7.517772893703758e-15
3.383253626942840e+01 7.084527893264804e-15 -6.881088635381837e-15
3.392372908956163e+01 6.483987562909072e-15 -6.298279729030501e-15
3.401492190969486e+01 5.934313273607830e-15 -5.764791422600534e-15
3.410611472982809e+01 5.431200276301293e-15 -5.276453665085472e-15
3.419730754996132e+01 4.970707803740605e-15 -4.829448647233696e-15
3.428850037009455e+01 4.549228323740928e-15 -4.420281078045097e-15
3.437969319022778e+01 4.163459387089836e-15 -4.045750966738850e-15
3.447088601036101e+01 3.810377851389324e-15 -3.702928699243748e-15
3.456207883049424e+01 3.487216280526071e-15 -3.389132216001401e-15
3.465327165062747e+01 3.191441336332220e-15 -3.101906114121759e-15
3.474446447076070e+01 2.920733994447849e-15 -2.839002511814804e-15
3.483565729089393e+01 2.672971430545752e-15 -2.598363526656335e-15
3.492685011102716e+01 2.446210436038222e-15 -2.378105231734464e-15
3.501804293116039e+01 2.238672234254275e-15 -2.176502965162740e-15
3.510923575129362e+01 2.048728578945824e-15 -1.991977878923881e-15
3.520042857142685e+01 1.874889026936517e-15 -1.823084622605518e-15
3.529162139156008e+01 1.715789285844369e-15 -1.668500066380081e-15
3.538281421169331e+01 1.570180546159164e-15 -1.527012975632666e-15
3.547400703182654e+01 1.436919714602602e-15 -1.397514557015525e-15
3.556519985195977e+01 1.314960472702250e-15 -1.278989802462440e-15
3.565639267209300e+01 1.203345090923786e-15 -1.170509563882893e-15
3.574758549222623e+01 1.101196934579366e-15 -1.071223296922205e-15
3.583877831235946e+01 1.007713603108537e-15 -9.803524173634791e-16
3.592997113249269e+01 9.221606492537595e-16 -8.971842185002277e-16
3.602116395262592e+01 8.438658291631967e-16 -8.210663021617521e-16
3.611235677275915e+01 7.722138385840533e-16 -7.514014800601641e-16
3.620354959289238e+01 7.066414940923145e-16 -6.876431057792823e-16
3.629474241302561e+01 6.466333217685151e-16 -6.292908010696498e-16
3.638593523315884e+01 5.917175189010616e-16 -5.758865431764388e-16
3.647712805329207e+01 5.414622572031395e-16 -5.270110827317145e-16
3.656832087342530e+01 4.954722986889197e-16 -4.822806643110875e-16
3.665951369355853e+01 4.533858977902304e-16 -4.413440241070564e-16
3.675070651369176e+01 4.148719655249559e-16 -4.038796413255231e-16
3.684189933382499e+01 3.796274735704870e-16 -3.695932218846988e-16
3.693309215395822e+01 3.473750779653773e-16 -3.382153948021988e-16
3.702428497409145e+01 3.178609438745019e-16 -3.094996033104971e-16
3.711547779422468e+01 2.908527544207267e-16 -2.832201742559111e-16
3.720667061435791e+01 2.661378880215627e-16 -2.591705507236265e-16
3.729786343449114e+01 2.435217499836369e-16 -2.371616741016974e-16
3.738905625462437e+01 2.228262453112708e-16 -2.170205029603141e-16
3.748024907475760e+01 2.038883807873614e-16 -1.985886571879296e-16
3.757144189489083e+01 1.865589853936732e-16 -1.817211768013326e-16
3.766263471502406e+01 1.707015390614043e-16 -1.662853857400058e-16
3.775382753515729e+01 1.561911005886806e-16 -1.521598517730544e-16
3.784502035529052e+01 1.429133263360115e-16 -1.392334343959506e-16
3.793621317542375e+01 1.307635720197526e-16 -1.274044132801495e-16
3.802740599555698e+01 1.196460705727596e-16 -1.165796904665914e-16
3.811859881569021e+01 1.094731796357490e-16 -1.066740600690997e-16
3.820979163582344e+01 1.001646927870148e-16 -9.760953978017179e-17
3.830098445595667e+01 9.164720911633286e-17 -8.931475895372898e-17
3.839217727608990e+01 8.385355620498314e-17 -8.172439848078386e-17
3.848337009622313e+01 7.672226199139272e-17 -7.477867807813277e-17
3.857456291635636e+01 7.019707138419634e-17 -6.842288698021872e-17
3.866575573648959e+01 6.422650383450654e-17 -6.260695436311903e-17
3.875694855662282e+01 5.876344839960530e-17 -5.728505613982044e-17
3.884814137675605e+01 5.376479312361317e-17 -5.241525504996648e-17
3.893933419688928e+01 4.919108582924356e-17 -4.795917122730492e-17
3.903052701702251e+01 4.500622366060451e-17 -4.388168066614953e-17
3.912171983715574e+01 4.117716894208159e-17 -4.015063922615187e-17
3.921291265728897e+01 3.767368912438214e-17 -3.673663001425227e-17
3.930410547742220e+01 3.446811877744620e-17 -3.361273216539658e-17
3.939529829755543e+01 3.153514176260746e-17 -3.075430921088901e-17
3.948649111768867e+01 2.885159187446312e-17 -2.813881537640426e-17
3.957768393782190e+01 2.639627038762021e-17 -2.574561829189632e-17
3.966887675795513e+01 2.414977907595566e-17 -2.355583672400830e-17
3.976006957808836e+01 2.209436739329280e-17 -2.155219205910857e-17
3.985126239822159e+01 2.021379261540519e-17 -1.971887237266786e-17
3.994245521835482e+01 1.849319184487593e-17 -1.804140801918835e-17
4.003364803848805e+01 1.691896487336053e-17 -1.650655776706801e-17
4.012484085862128e+01 1.547866698095199e-17 -1.510220458533229e-17
4.021603367875451e+01 1.416091083029082e-17 -1.381726026473729e-17
4.030722649888774e+01 1.295527668441225e-17 -1.264157812492967e-17
4.039841931902097e+01 1.185223024263323e-17 -1.156587312268222e-17
4.048961213915420e+01 1.084304744856472e-17 -1.058164873420054e-17
4.058080495928743e+01 9.919745679057446e-18 -9.681130037571279e-18
4.067199777942066e+01 9.075020772979857e-18 -8.857202470007903e-18
4.076319059955389e+01 8.302189404576222e-18 -8.103355779026435e-18
4.085438341968712e+01 7.595136348121328e-18 -7.413632727397762e-18
4.094557623982035e+01 6.948266219002284e-18 -6.782582148993131e-18
4.103676905995358e+01 6.356459311519555e-18 -6.205215986756319e-18
4.112796188008681e+01 5.815031185883334e-18 -5.676969975266201e-18
4.121915470022004e+01 5.319695686339433e-18 -5.193667658941150e-18
4.131034752035327e+01 4.866531099322072e-18 -4.751487463105171e-18
4.140154034048650e+01 4.451949185210111e-18 -4.346932559089475e-18
4.149273316061973e+01 4.072666839851882e-18 -3.976803286469682e-18
4.158392598075296e+01 3.725680162698728e-18 -3.638171915609308e-18
4.167511880088619e+01 3.408240727310567e-18 -3.328359552051681e-18
4.176631162101942e+01 3.117833867316719e-18 -3.044915001118651e-18
4.185750444115265e+01 2.852158806767438e-18 -2.785595426466894e-18
4.194869726128588e+01 2.609110478320420e-18 -2.548348650441747e-18
4.203989008141911e+01 2.386762885985811e-18 -2.331296956964667e-18
4.213108290155234e+01 2.183353881306933e-18 -2.132722269494306e-18
4.222227572168557e+01 1.997271232977469e-18 -1.951052587405568e-18
4.231346854181880e+01 1.827039880076484e-18 -1.784849574020133e-18
4.240466136195203e+01 1.671310268420130e-18 -1.632797198573472e-18
4.249585418208526e+01 1.528847678056540e-18 -1.493691342688116e-18
4.258704700221849e+01 1.398522457734879e-18 -1.366430289505803e-18
4.267823982235172e+01 1.279301089322351e-18 -1.250006020571575e-18
4.276943264248495e+01 1.170238011679973e-18 -1.143496251915198e-18
4.286062546261818e+01 1.070468139490629e-18 -1.046057146589375e-18
4.295181828275141e+01 9.792000180081808e-19 -9.569166462455642e-19
4.304301110288464e+01 8.957095597072778e-19 -8.753683691985754e-19
4.313420392301787e+01 8.193343133993356e-19 -8.007660268886978e-19
4.322539674315110e+01 7.494682205769725e-19 -7.325183147298377e-19
4.331658956328433e+01 6.855568175899450e-19 -6.700842370660428e-19
4.340778238341756e+01 6.270928457705514e-19 -6.129688293761414e-19
4.349897520355079e+01 5.736122348431373e-19 -5.607192439938481e-19
4.359016802368402e+01 5.246904278960785e-19 -5.129211684731253e-19
4.368136084381725e+01 4.799390188885356e-19 -4.691955483483069e-19
4.377255366395048e+01 4.390026761295902e-19 -4.291955884360642e-19
4.386374648408371e+01 4.015563274234411e-19 -3.926040090205220e-19
4.395493930421694e+01 3.673025846389267e-19 -3.591305352709833e-19
4.404613212435017e+01 3.359693873509785e-19 -3.285096000795238e-19
4.413732494448340e+01 3.073078469305682e-19 -3.004982421876441e-19
4.422851776461663e+01 2.810902740418900e-19 -2.748741830104079e-19
4.431971058474986e+01 2.571083739533718e-19 -2.514340669751551e-19
4.441090340488309e+01 2.351715953940340e-19 -2.299918514810235e-19
4.450209622501632e+01 2.151056198991384e-19 -2.103773337652779e-19
4.459328904514955e+01 1.967509796985378e-19 -1.924348030421009e-19
4.468448186528278e+01 1.799617932163923e-19 -1.760218072675384e-19
4.477567468541601e+01 1.646046081799436e-19 -1.610080247884795e-19
4.486686750554924e+01 1.505573431851674e-19 -1.472742319609971e-19
4.495806032568247e+01 1.377083193450404e-19 -1.347113585805953e-19
4.504925314581570e+01 1.259553743579953e-19 -1.232196236598466e-19
4.514044596594893e+01 1.152050519855098e-19 -1.127077447230282e-19
4.523163878608216e+01 1.053718605238043e-19 -1.030922143676457e-19
4.532283160621540e+01 9.637759440002168e-20 -9.429663837375968e-20
4.541402442634863e+01 8.815071352231234e-20 -8.625113012796086e-20
4.550521724648186e+01 8.062577546990509e-20 -7.889175657351465e-20
4.559641006661509e+01 7.374291602708464e-20 -7.216003130510816e-20
4.568760288674832e+01 6.744737394733922e-20 -6.600245079899170e-20
4.577879570688155e+01 6.168905618378450e-20 -6.037007011003964e-20
4.586998852701478e+01 5.642214014208257e-20 -5.521811467905191e-20
4.596118134714801e+01 5.160470980497755e-20 -5.050562517892816e-20
4.605237416728124e+01 4.719842284557598e-20 -4.619513258942349e-20
4.614356698741447e+01 4.316820609172479e-20 -4.225236092909281e-20
4.623475980754770e+01 3.948197692821686e-20 -3.864595529163385e-20
4.632595262768093e+01 3.611038842885620e-20 -3.534723303386964e-20
4.641714544781416e+01 3.302659619826169e-20 -3.232995614564592e-20
4.650833826794739e+01 3.020604507516369e-20 -2.957012299940213e-20
4.659953108808062e+01 2.762627400620798e-20 -2.704577783042474e-20
4.669072390821385e+01 2.526673754316892e-20 -2.473683643901961e-20
4.678191672834708e+01 2.310864254812570e-20 -2.262492673415020e-20
4.687310954848031e+01 2.113479881160980e-20 -2.069324285549303e-20
4.696430236861354e+01 1.932948239894238e-20 -1.892641171828841e-20
4.705549518874677e+01 1.767831064081638e-20 -1.731037092365879e-20
4.714668800888000e+01 1.616812777643721e-20 -1.583225706700639e-20
4.723788082901323e+01 1.478690034194694e-20 -1.448030355939507e-20
4.732907364914646e+01 1.352362147408713e-20 -1.324374715211825e-20
4.742026646927969e+01 1.236822336971531e-20 -1.211274242355018e-20
4.751145928941292e+01 1.131149720643826e-20 -1.107828355041486e-20
4.760265210954615e+01 1.034501988877291e-20 -1.013213274328438e-20
4.769384492967938e+01 9.461087038360648e-21 -9.266754778890796e-21
4.778503774981261e+01 8.652651696270668e-21 -8.475257110120357e-21
4.787623056994584e+01 7.913268250724896e-21 -7.751335078737453e-21
4.796742339007907e+01 7.237041145019018e-21 -7.089221796306225e-21
4.805861621021230e+01 6.618577958328974e-21 -6.483642295760908e-21
4.814980903034553e+01 6.052946486780230e-21 -5.929771589912976e-21
4.824100185047876e+01 5.535635483892540e-21 -5.423196304141927e-21
4.833219467061199e+01 5.062518748546919e-21 -4.959879578841621e-21
4.842338749074522e+01 4.629822275184085e-21 -4.536128963109425e-21
4.851458031087845e+01 4.234094205244840e-21 -4.148567044875902e-21
4.860577313101168e+01 3.872177341095198e-21 -3.794104584365824e-21
4.869696595114491e+01 3.541184004018622e-21 -3.469915937628597e-21
4.878815877127814e+01 3.238473036465419e-21 -3.173416575034463e-21
4.887935159141137e+01 2.961628765772688e-21 -2.902242516246071e-21
4.897054441154460e+01 2.708441762141939e-21 -2.654231518374215e-21
4.906173723167783e+01 2.476891237909062e-21 -2.427405867932315e-21
4.915293005181106e+01 2.265128948175493e-21 -2.219956639926375e-21
4.924412287194429e+01 2.071464464793564e-21 -2.030229299056454e-21
4.933531569207752e+01 1.894351706607571e-21 -1.856710528654258e-21
4.942650851221075e+01 1.732376618831542e-21 -1.698016182723538e-21
4.951770133234398e+01 1.584245903574046e-21 -1.552880265362706e-21
4.960889415247721e+01 1.448776711872120e-21 -1.420144850003072e-21
4.970008697261044e+01 1.324887215236695e-21 -1.298750858355810e-21
4.979127979274367e+01 1.211587981701198e-21 -1.187729625785357e-21
4.988247261287690e+01 1.107974087759027e-21 -1.086195186070427e-21
4.997366543301013e+01 1.013217903424667e-21 -9.933372142256781e-22

