# omega0=1, alpha=0.2
# theta0=-0.81, theta_dot0=0.1234
# t_start=0, t_end=100, h=0.0116355
#   t          x(t)                 v(t)       
0  -8.100000000000001e-01  1.234000000000000e-01
1.163552834662887e-01 -7.849297965282684e-01 3.064411550527305e-01
2.327105669325774e-01 -7.389799932154495e-01 4.819494889395236e-01
3.490658503988658e-01 -6.731486692858786e-01 6.478217844566402e-01
4.654211338651543e-01 -5.886836735781776e-01 8.018657938804520e-01
5.817764173314427e-01 -4.870927113393153e-01 9.418142154297384e-01
6.981317007977311e-01 -3.701484747208618e-01 1.065396347822251e+00
8.144869842640196e-01 -2.398821439959280e-01 1.170465026602114e+00
9.308422677303080e-01 -9.855951877604752e-02 1.255164892732718e+00
1.047197551196597e+00 5.136362719844961e-02 1.318116026579038e+00
1.163552834662887e+00 2.073067968518439e-01 1.358578358742554e+00
1.279908118129176e+00 3.666462780670128e-01 1.376561178602782e+00
1.396263401595466e+00 5.268048195077993e-01 1.372850736284455e+00
1.512618685061755e+00 6.853391702212410e-01 1.348945947134491e+00
1.628973968528045e+00 8.400151961405257e-01 1.306912467446776e+00
1.745329251994334e+00 9.888625254558977e-01 1.249182272010223e+00
1.861684535460624e+00 1.130204414364726e+00 1.178334216489499e+00
1.978039818926913e+00 1.262662652288973e+00 1.096889493502514e+00
2.094395102393201e+00 1.385140791723580e+00 1.007146720535659e+00
2.210750385859488e+00 1.496791152730255e+00 9.110689713389325e-01
2.327105669325776e+00 1.596971789627648e+00 8.102235398929065e-01
2.443460952792063e+00 1.685199190045580e+00 7.057671574199322e-01
2.559816236258350e+00 1.761101361535862e+00 5.984654370794666e-01
2.676171519724638e+00 1.824374598250165e+00 4.887348277683606e-01
2.792526803190925e+00 1.874745941841650e+00 3.766970852399072e-01
2.908882086657212e+00 1.911942343241498e+00 2.622390218689908e-01
3.025237370123500e+00 1.935666860892958e+00 1.450732158284619e-01
3.141592653589787e+00 1.945581884362114e+00 2.479796476275306e-02
3.257947937056074e+00 1.941299299933780e+00 -9.904313438305982e-02
3.374303220522362e+00 1.922377654861905e+00 -2.269000431607983e-01
3.490658503988649e+00 1.888326666626842e+00 -3.591506255314243e-01
3.607013787454936e+00 1.838619797763809e+00 -4.960271073664198e-01
3.723369070921223e+00 1.772715996778747e+00 -6.375316464045943e-01
3.839724354387511e+00 1.690091980870383e+00 -7.833395174804262e-01
3.956079637853798e+00 1.590286444525010e+00 -9.326915898947716e-01
4.072434921320085e+00 1.472957093409041e+00 -1.084283156360436e+00
4.188790204786373e+00 1.337950148021542e+00 -1.236164023070610e+00
4.305145488252660e+00 1.185379673090522e+00 -1.385674468399158e+00
4.421500771718947e+00 1.015710664429495e+00 -1.529450943952093e+00
4.537856055185235e+00 8.298355563325902e-01 -1.663539693438273e+00
4.654211338651522e+00 6.291296365988696e-01 -1.783649454842803e+00
4.770566622117809e+00 4.154684449299347e-01 -1.885550429307719e+00
4.886921905584097e+00 1.911916510644420e-01 -1.965585522473614e+00
5.003277189050384e+00 -4.099530844094534e-02 -2.021211535299190e+00
5.119632472516671e+00 -2.781786938513645e-01 -2.051452968261373e+00
5.235987755982959e+00 -5.174358410496053e-01 -2.057151709007286e+00
5.352343039449246e+00 -7.560479247327417e-01 -2.040941381823716e+00
5.468698322915533e+00 -9.916935679496928e-01 -2.006951454790660e+00
5.585053606381821e+00 -1.222595888610822e+00 -1.960320883990456e+00
5.701408889848108e+00 -1.447607691069177e+00 -1.906642454787933e+00
5.817764173314395e+00 -1.666233786448770e+00 -1.851454737565801e+00
5.934119456780683e+00 -1.878600995066195e+00 -1.799859614773637e+00
6.050474740246970e+00 -2.085392505534189e+00 -1.756292634457461e+00
6.166830023713257e+00 -2.287763829387668e+00 -1.724431183908417e+00
6.283185307179544e+00 -2.487254235627357e+00 -1.707200955877420e+00
6.399540590645832e+00 -2.685702364567224e+00 -1.706833483326042e+00
6.515895874112119e+00 -2.885169334951589e+00 -1.724930630664855e+00
6.632251157578406e+00 -3.087867951923102e+00 -1.762499603748077e+00
6.748606441044694e+00 -3.296092874037667e+00 -1.819930432032308e+00
6.864961724510981e+00 -3.512143814964787e+00 -1.896896228763649e+00
6.981317007977268e+00 -3.738232131309925e+00 -1.992166929576187e+00
7.097672291443556e+00 -3.976360951845080e+00 -2.103343925312659e+00
7.214027574909843e+00 -4.228171372439020e+00 -2.226551185352440e+00
7.330382858376130e+00 -4.494753721954472e+00 -2.356160983053562e+00
7.446738141842418e+00 -4.776434965791818e+00 -2.484683703811542e+00
7.563093425308705e+00 -5.072570911428500e+00 -2.602989695055683e+00
7.679448708774992e+00 -5.381391294968928e+00 -2.701015896908225e+00
7.795803992241280e+00 -5.699958114555278e+00 -2.768996962876432e+00
7.912159275707567e+00 -6.024290429065514e+00 -2.799044899618518e+00
8.028514559173855e+00 -6.349674082217161e+00 -2.786663904467876e+00
8.144869842640142e+00 -6.671118623191605e+00 -2.731683791927992e+00
8.261225126106430e+00 -6.983869827147109e+00 -2.638248030540644e+00
8.377580409572717e+00 -7.283863853105706e+00 -2.513856965285149e+00
8.493935693039004e+00 -7.568031605635293e+00 -2.367832072959637e+00
8.610290976505292e+00 -7.834416029409725e+00 -2.209721016724412e+00
8.726646259971579e+00 -8.082121656122265e+00 -2.048060319801301e+00
8.843001543437866e+00 -8.311150838919010e+00 -1.889674090939123e+00
8.959356826904154e+00 -8.522188453166073e+00 -1.739470026003168e+00
9.075712110370441e+00 -8.716384601167439e+00 -1.600579958872385e+00
9.192067393836728e+00 -8.895165440992374e+00 -1.474677099780784e+00
9.308422677303016e+00 -9.060084714242276e+00 -1.362341346467362e+00
9.424777960769303e+00 -9.212716636824133e+00 -1.263396229805099e+00
9.541133244235590e+00 -9.354584550305502e+00 -1.177183754743989e+00
9.657488527701878e+00 -9.487117531894132e+00 -1.102770518357071e+00
9.773843811168165e+00 -9.611627301210198e+00 -1.039092282679397e+00
9.890199094634452e+00 -9.729298953746980e+00 -9.850492221559509e-01
1.000655437810074e+01 -9.841190520778547e+00 -9.395643650468839e-01
1.012290966156703e+01 -9.948237720478977e+00 -9.016159833251219e-01
1.023926494503331e+01 -1.005126138181314e+01 -8.702523560728601e-01
1.035562022849960e+01 -1.015097587271387e+01 -8.445951462165445e-01
1.047197551196589e+01 -1.024799748208947e+01 -8.238358483649599e-01
1.058833079543218e+01 -1.034285214166890e+01 -8.072284220841409e-01
1.070468607889846e+01 -1.043598217677909e+01 -7.940802626532076e-01
1.082104136236475e+01 -1.052775198436069e+01 -7.837429955852572e-01
1.093739664583104e+01 -1.061845268147369e+01 -7.756041294467098e-01
1.105375192929733e+01 -1.070830586891208e+01 -7.690802937585376e-01
1.117010721276361e+01 -1.079746672572348e+01 -7.636125694943370e-01
1.128646249622990e+01 -1.088602669914089e+01 -7.586642468079517e-01
1.140281777969619e+01 -1.097401608420748e+01 -7.537211878872284e-01
1.151917306316247e+01 -1.106140679885709e+01 -7.482948127509640e-01
1.163552834662876e+01 -1.114811565237580e+01 -7.419275531189232e-01
1.175188363009505e+01 -1.123400837649182e+01 -7.342004348544356e-01
1.186823891356134e+01 -1.131890463792639e+01 -7.247422628568669e-01
1.198459419702762e+01 -1.140258417981971e+01 -7.132397113228007e-01
1.210094948049391e+01 -1.148479415012330e+01 -6.994474894370284e-01
1.221730476396020e+01 -1.156525757361126e+01 -6.831976807504808e-01
1.233366004742649e+01 -1.164368281885025e+01 -6.644073621368715e-01
1.245001533089277e+01 -1.171977381215642e+01 -6.430837042207975e-01
1.256637061435906e+01 -1.179324066744350e+01 -6.193259355835729e-01
1.268272589782535e+01 -1.186381034284995e+01 -5.933238002020742e-01
1.279908118129164e+01 -1.193123690828677e+01 -5.653524223329809e-01
1.291543646475792e+01 -1.199531101491070e+01 -5.357637798903311e-01
1.303179174822421e+01 -1.205586819615270e+01 -5.049752409786126e-01
1.314814703169050e+01 -1.211279569470009e+01 -4.734558100880951e-01
1.326450231515678e+01 -1.216603759243705e+01 -4.417108435014823e-01
1.338085759862307e+01 -1.221559811128548e+01 -4.102660241284820e-01
1.349721288208936e+01 -1.226154304297815e+01 -3.796513430976825e-01
1.361356816555565e+01 -1.230399934744906e+01 -3.503857367790872e-01
1.372992344902193e+01 -1.234315302752197e+01 -3.229628956231940e-01
1.384627873248822e+01 -1.237924543930236e+01 -2.978386172311869e-01
1.396263401595451e+01 -1.241256823288136e+01 -2.754199386798620e-01
1.407898929942080e+01 -1.244345713820235e+01 -2.560561649398967e-01
1.419534458288708e+01 -1.247228481889502e+01 -2.400318178189710e-01
1.431169986635337e+01 -1.249945301566800e+01 -2.275614645272425e-01
1.442805514981966e+01 -1.252538419350149e+01 -2.187863441773440e-01
1.454441043328594e+01 -1.255051289599155e+01 -2.137726895852808e-01
1.466076571675223e+01 -1.257527699776088e+01 -2.125116351680255e-01
1.477712100021852e+01 -1.260010903322896e+01 -2.149206043244464e-01
1.489347628368481e+01 -1.262542776802819e+01 -2.208460769990696e-01
1.500983156715109e+01 -1.265163016829507e+01 -2.300676466055049e-01
1.512618685061738e+01 -1.267908391292175e+01 -2.423032822863066e-01
1.524254213408367e+01 -1.270812058428568e+01 -2.572157152144211e-01
1.535889741754996e+01 -1.273902966338292e+01 -2.744198641433229e-01
1.547525270101624e+01 -1.277205344483316e+01 -2.934912037422832e-01
1.559160798448253e+01 -1.280738297485618e+01 -3.139749578747535e-01
1.570796326794882e+01 -1.284515509985913e+01 -3.353959681830269e-01
1.582431855141511e+01 -1.288545069353120e+01 -3.572690467855580e-01
1.594067383488139e+01 -1.292829410530850e+01 -3.791095730966891e-01
1.605702911834769e+01 -1.297365384215558e+01 -4.004440434205770e-01
1.617338440181399e+01 -1.302144445888629e+01 -4.208202347842824e-01
1.628973968528030e+01 -1.307152959066807e+01 -4.398166096355623e-01
1.640609496874660e+01 -1.312372601685440e+01 -4.570505740338409e-01
1.652245025221291e+01 -1.317780860073914e+01 -4.721852161154224e-01
1.663880553567921e+01 -1.323351590879772e+01 -4.849341984232674e-01
1.675516081914552e+01 -1.329055627933693e+01 -4.950645575152630e-01
1.687151610261182e+01 -1.334861408784685e+01 -5.023972726004310e-01
1.698787138607813e+01 -1.340735594755944e+01 -5.068055926330944e-01
1.710422666954443e+01 -1.346643659030875e+01 -5.082112456553320e-01
1.722058195301074e+01 -1.352550419471117e+01 -5.065787810042229e-01
1.733693723647704e+01 -1.358420496426483e+01 -5.019084008615822e-01
1.745329251994335e+01 -1.364218680411829e+01 -4.942277120718978e-01
1.756964780340966e+01 -1.369910199793530e+01 -4.835828663125158e-01
1.768600308687596e+01 -1.375460884105648e+01 -4.700295559320803e-01
1.780235837034227e+01 -1.380837223882418e+01 -4.536242983625381e-01
1.791871365380857e+01 -1.386006332601847e+01 -4.344163820271222e-01
1.803506893727488e+01 -1.390935820245842e+01 -4.124407713582696e-01
1.815142422074118e+01 -1.395593590979761e+01 -3.877121886317103e-01
1.826777950420749e+01 -1.399947579543315e+01 -3.602205155759999e-01
1.838413478767379e+01 -1.403965442233176e+01 -3.299275959414555e-01
1.850049007114010e+01 -1.407614219030041e+01 -2.967654768161053e-01
1.861684535460640e+01 -1.410859983713114e+01 -2.606361044747063e-01
1.873320063807271e+01 -1.413667498969015e+01 -2.214124908970637e-01
1.884955592153901e+01 -1.415999893797963e+01 -1.789413891610578e-01
1.896591120500532e+01 -1.417818381190709e+01 -1.330475579020936e-01
1.908226648847162e+01 -1.419082035311828e+01 -8.353975416557494e-02
1.919862177193793e+01 -1.419747649456757e+01 -3.021866636127561e-02
1.931497705540423e+01 -1.419769698974509e+01 2.711292104746524e-02
1.943133233887054e+01 -1.419100437205770e+01 8.863736083384487e-02
1.954768762233684e+01 -1.417690157187256e+01 1.545063405565342e-01
1.966404290580315e+01 -1.415487657122905e+01 2.248215842584785e-01
1.978039818926945e+01 -1.412440952810461e+01 2.996116417928537e-01
1.989675347273576e+01 -1.408498284265323e+01 3.788045098057993e-01
2.001310875620206e+01 -1.403609464993784e+01 4.621961680880959e-01
2.012946403966837e+01 -1.397727618228898e+01 5.494157075310229e-01
2.024581932313467e+01 -1.390811331579342e+01 6.398886437265338e-01
2.036217460660098e+01 -1.382827235869421e+01 7.328012969068725e-01
2.047852989006728e+01 -1.373752971260722e+01 8.270707420085341e-01
2.059488517353359e+01 -1.363580440968219e+01 9.213266180961791e-01
2.071124045699989e+01 -1.352319170135818e+01 1.013912648775868e+00
2.082759574046620e+01 -1.339999490763268e+01 1.102916431103046e+00
2.094395102393250e+01 -1.326675177624884e+01 1.186235076082711e+00
2.106030630739881e+01 -1.312425089257660e+01 1.261680834772881e+00
2.117666159086511e+01 -1.297353353875521e+01 1.327124559556089e+00
2.129301687433142e+01 -1.281587713302030e+01 1.380666296243546e+00
2.140937215779772e+01 -1.265275815792190e+01 1.420813293786573e+00
2.152572744126403e+01 -1.248579520263946e+01 1.446639118828213e+00
2.164208272473033e+01 -1.231667594019552e+01 1.457896363454531e+00
2.175843800819664e+01 -1.214707478815561e+01 1.455061338738103e+00
2.187479329166294e+01 -1.197856985261108e+01 1.439301385998943e+00
2.199114857512925e+01 -1.181256796632735e+01 1.412370665852296e+00
2.210750385859555e+01 -1.165024512304993e+01 1.376453839565396e+00
2.222385914206186e+01 -1.149250682250787e+01 1.333984980829831e+00
2.234021442552816e+01 -1.133996955156010e+01 1.287469717960328e+00
2.245656970899447e+01 -1.119296164359931e+01 1.239333051613461e+00
2.257292499246077e+01 -1.105153965128927e+01 1.191806321657574e+00
2.268928027592708e+01 -1.091551535032035e+01 1.146857509446675e+00
2.280563555939338e+01 -1.078448845837510e+01 1.106161706277191e+00
2.292199084285969e+01 -1.065788081093360e+01 1.071104113770363e+00
2.303834612632599e+01 -1.053496874712553e+01 1.042806229831329e+00
2.315470140979230e+01 -1.041491154439628e+01 1.022166164932271e+00
2.327105669325860e+01 -1.029677471983744e+01 1.009905428594415e+00
2.338741197672491e+01 -1.017954780651059e+01 1.006616265731039e+00
2.350376726019121e+01 -1.006215680717511e+01 1.012805193992722e+00
2.362012254365752e+01 -9.943471963411817e+00 1.028929515529231e+00
2.373647782712382e+01 -9.822311815395322e+00 1.055424135304510e+00
2.385283311059013e+01 -9.697444833662427e+00 1.092715998013237e+00
2.396918839405643e+01 -9.567590244575603e+00 1.141222897341468e+00
2.408554367752274e+01 -9.431420103776848e+00 1.201332404204105e+00
2.420189896098904e+01 -9.287565239973947e+00 1.273355379556892e+00
2.431825424445535e+01 -9.134628408774503e+00 1.357447331082899e+00
2.443460952792165e+01 -8.971208819409604e+00 1.453490408979753e+00
2.455096481138796e+01 -8.795942977325360e+00 1.560930286121539e+00
2.466732009485427e+01 -8.607567200533401e+00 1.678567354904158e+00
2.478367537832057e+01 -8.405006647906239e+00 1.804312965599020e+00
2.490003066178688e+01 -8.187493398948176e+00 1.934940973688145e+00
2.501638594525318e+01 -7.954711054829176e+00 2.065892597304849e+00
2.513274122871949e+01 -7.706954792357998e+00 2.191222846265804e+00
2.524909651218579e+01 -7.445284265549019e+00 2.303794739203616e+00
2.536545179565210e+01 -7.171634962979726e+00 2.395809529309916e+00
2.548180707911840e+01 -6.888847165390065e+00 2.459685177570794e+00
2.559816236258471e+01 -6.600577500471023e+00 2.489163287472898e+00
2.571451764605101e+01 -6.311080514322952e+00 2.480383843452186e+00
2.583087292951732e+01 -6.024882968418780e+00 2.432601707733185e+00
2.594722821298362e+01 -5.746408482376989e+00 2.348296717124886e+00
2.606358349644993e+01 -5.479627855623808e+00 2.232635807858507e+00
2.617993877991623e+01 -5.227801442288308e+00 2.092475242168638e+00
2.629629406338254e+01 -4.993349133585806e+00 1.935220606790871e+00
2.641264934684884e+01 -4.777846354344295e+00 1.767841772138814e+00
2.652900463031515e+01 -4.582116594686657e+00 1.596214564757087e+00
2.664535991378145e+01 -4.406379581349938e+00 1.424817311117481e+00
2.676171519724776e+01 -4.250417224915668e+00 1.256712301635387e+00
2.687807048071406e+01 -4.113730288621970e+00 1.093705824732523e+00
2.699442576418037e+01 -3.995670909224782e+00 9.365890325615883e-01
2.711078104764667e+01 -3.895545897393888e+00 7.853904551092478e-01
2.722713633111298e+01 -3.812692002817286e+00 6.396010451941261e-01
2.734349161457928e+01 -3.746527458017691e+00 4.983556294607247e-01
2.745984689804559e+01 -3.696585077547410e+00 3.605689941871080e-01
2.757620218151189e+01 -3.662531908243357e+00 2.250322593930860e-01
2.769255746497820e+01 -3.644179563852079e+00 9.047816174846014e-02
2.780891274844450e+01 -3.641488324513541e+00 -4.437553319536428e-02
2.792526803191081e+01 -3.654567024576237e+00 -1.807956137165333e-01
2.804162331537711e+01 -3.683669747491380e+00 -3.200075788369536e-01
2.815797859884342e+01 -3.729189379587968e+00 -4.631661019883276e-01
2.827433388230972e+01 -3.791647101182413e+00 -6.113132735300338e-01
2.839068916577603e+01 -3.871675871665989e+00 -7.653155700598094e-01
2.850704444924233e+01 -3.969994887871644e+00 -9.257701791117166e-01
2.862339973270864e+01 -4.087370934621629e+00 -1.092872120746062e+00
2.873975501617494e+01 -4.224561718573012e+00 -1.266237112809436e+00
2.885611029964125e+01 -4.382236119507317e+00 -1.444683575186600e+00
2.897246558310755e+01 -4.560867532239665e+00 -1.625993114478672e+00
2.908882086657386e+01 -4.760600087416480e+00 -1.806693756640065e+00
2.920517615004016e+01 -4.981094488831179e+00 -1.981941630233155e+00
2.932153143350647e+01 -5.221370733786896e+00 -2.145604288873566e+00
2.943788671697277e+01 -5.479677512756200e+00 -2.290651500650399e+00
2.955424200043908e+01 -5.753428183982469e+00 -2.409910831857019e+00
2.967059728390538e+01 -6.039243898562067e+00 -2.497132169933786e+00
2.978695256737169e+01 -6.333129183403847e+00 -2.548152998967728e+00
2.990330785083799e+01 -6.630773472218500e+00 -2.561839700317317e+00
3.001966313430430e+01 -6.927933259852150e+00 -2.540488820284435e+00
3.013601841777060e+01 -7.220821039372547e+00 -2.489537373536030e+00
3.025237370123691e+01 -7.506423899144039e+00 -2.416679721175893e+00
3.036872898470321e+01 -7.782698540784589e+00 -2.330684461273559e+00
3.048508426816952e+01 -8.048627938885661e+00 -2.240251339571525e+00
3.060143955163582e+01 -8.304159884514243e+00 -2.153152027687263e+00
3.071779483510213e+01 -8.550067059434541e+00 -2.075742573495500e+00
3.083415011856843e+01 -8.787770361069855e+00 -2.012804465710712e+00
3.095050540203474e+01 -9.019157659200165e+00 -1.967604644957317e+00
3.106686068550104e+01 -9.246416466607881e+00 -1.942056430911662e+00
3.118321596896735e+01 -9.471886506138933e+00 -1.936887821878204e+00
3.129957125243365e+01 -9.697929258726782e+00 -1.951758073527539e+00
3.141592653589996e+01 -9.926806629614438e+00 -1.985295829585560e+00
3.153228181936626e+01 -1.016055941341818e+01 -2.035059855634633e+00
3.164863710283257e+01 -1.040087785435253e+01 -2.097449002802336e+00
3.176499238629888e+01 -1.064896119681739e+01 -2.167613938451572e+00
3.188134766976518e+01 -1.090537071551282e+01 -2.239447990371643e+00
3.199770295323149e+01 -1.116989075559128e+01 -2.305749603805126e+00
3.211405823669779e+01 -1.144142281055600e+01 -2.358638547802910e+00
3.223041352016409e+01 -1.171794462767866e+01 -2.390255434191978e+00
3.234676880363040e+01 -1.199656446790337e+01 -2.393676716751569e+00
3.246312408709670e+01 -1.227368602389808e+01 -2.363863037277298e+00
3.257947937056301e+01 -1.254527334962853e+01 -2.298386092568739e+00
3.269583465402931e+01 -1.280717593643883e+01 -2.197706138183472e+00
3.281218993749562e+01 -1.305545457737149e+01 -2.064907937927515e+00
3.292854522096192e+01 -1.328664859744202e+01 -1.904986289511618e+00
3.304490050442823e+01 -1.349794442165232e+01 -1.723908460085673e+00
3.316125578789453e+01 -1.368723466647052e+01 -1.527708944872233e+00
3.327761107136084e+01 -1.385308325784399e+01 -1.321801067966563e+00
3.339396635482714e+01 -1.399462710913841e+01 -1.110577924539739e+00
3.351032163829345e+01 -1.411144744120244e+01 -8.972802311059580e-01
3.362667692175975e+01 -1.420343783416280e+01 -6.840584451481567e-01
3.374303220522606e+01 -1.427068683032118e+01 -4.721481581349808e-01
3.385938748869236e+01 -1.431338428443836e+01 -2.620940884069866e-01
3.397574277215867e+01 -1.433175452427715e+01 -5.398213782163711e-02
3.409209805562497e+01 -1.432601597638040e+01 1.523394585668505e-01
3.420845333909128e+01 -1.429636563982026e+01 3.570540198057596e-01
3.432480862255758e+01 -1.424298681975608e+01 5.601818663714184e-01
3.444116390602389e+01 -1.416607906242387e+01 7.613926994893767e-01
3.455751918949019e+01 -1.406590956087531e+01 9.598248033627507e-01
3.467387447295650e+01 -1.394288480048582e+01 1.153920573127001e+00
3.479022975642280e+01 -1.379763934162465e+01 1.341301566282897e+00
3.490658503988911e+01 -1.363113505254286e+01 1.518721350075647e+00
3.502294032335541e+01 -1.344475894813670e+01 1.682145125072078e+00
3.513929560682172e+01 -1.324040206738820e+01 1.827002420704312e+00
3.525565089028802e+01 -1.302049767113910e+01 1.948633476128810e+00
3.537200617375433e+01 -1.278799744205868e+01 2.042897773830364e+00
3.548836145722063e+01 -1.254627192802907e+01 2.106845657398818e+00
3.560471674068694e+01 -1.229893647275631e+01 2.139299392487032e+00
3.572107202415324e+01 -1.204962276066592e+01 2.141183040988306e+00
3.583742730761955e+01 -1.180173202001659e+01 2.115498755299379e+00
3.595378259108585e+01 -1.155821196395549e+01 2.066952574812229e+00
3.607013787455216e+01 -1.132139282189716e+01 2.001337624853821e+00
3.618649315801846e+01 -1.109290135203955e+01 1.924839039222706e+00
3.630284844148477e+01 -1.087365255669598e+01 1.843415395745364e+00
3.641920372495107e+01 -1.066390384374846e+01 1.762354193083437e+00
3.653555900841738e+01 -1.046334913763942e+01 1.686029043824734e+00
3.665191429188368e+01 -1.027123059633687e+01 1.617832429232185e+00
3.676826957534999e+01 -1.008645045506092e+01 1.560231083077731e+00
3.688462485881630e+01 -9.907672058343721e+00 1.514887634898629e+00
3.700098014228260e+01 -9.733405198131480e+00 1.482802179069923e+00
3.711733542574891e+01 -9.562075438479031e+00 1.464441814628064e+00
3.723369070921521e+01 -9.392080032592167e+00 1.459839363847723e+00
3.735004599268152e+01 -9.221834617241248e+00 1.468652327096054e+00
3.746640127614782e+01 -9.049815495871716e+00 1.490179802556911e+00
3.758275655961413e+01 -8.874602301619172e+00 1.523339777426570e+00
3.769911184308043e+01 -8.694925311951454e+00 1.566613341839967e+00
3.781546712654674e+01 -8.509720652010113e+00 1.617967266762635e+00
3.793182241001304e+01 -8.318194937050523e+00 1.674772761674431e+00
3.804817769347935e+01 -8.119898394913148e+00 1.733745845959671e+00
3.816453297694565e+01 -7.914802117598009e+00 1.790941871583017e+00
3.828088826041196e+01 -7.703371069664649e+00 1.841839694574266e+00
3.839724354387826e+01 -7.486620598869947e+00 1.881544760105237e+00
3.851359882734457e+01 -7.266141801946216e+00 1.905120467479770e+00
3.862995411081087e+01 -7.044081862382073e+00 1.908023349717359e+00
3.874630939427718e+01 -6.823070663757679e+00 1.886577435605962e+00
3.886266467774348e+01 -6.606094475564437e+00 1.838392380572985e+00
3.897901996120979e+01 -6.396329155937623e+00 1.762626265504472e+00
3.909537524467609e+01 -6.196955318033886e+00 1.660026051652550e+00
3.921173052814240e+01 -6.010982429648543e+00 1.532737781985905e+00
3.932808581160870e+01 -5.841106008323731e+00 1.383940884213069e+00
3.944444109507501e+01 -5.689613120528755e+00 1.217400774971920e+00
3.956079637854131e+01 -5.558339812266815e+00 1.037038715838767e+00
3.967715166200762e+01 -5.448673825486143e+00 8.465927819610350e-01
3.979350694547392e+01 -5.361589555593645e+00 6.494053907347600e-01
3.990986222894023e+01 -5.297700217401973e+00 4.483377095361172e-01
4.002621751240653e+01 -5.257313602878321e+00 2.457886722894655e-01
4.014257279587284e+01 -5.240481049704207e+00 4.378726300769928e-02
4.025892807933914e+01 -5.247032929525314e+00 -1.558728909608726e-01
4.037528336280545e+01 -5.276597318796254e+00 -3.514830118795094e-01
4.049163864627175e+01 -5.328601302763982e+00 -5.412744892858345e-01
4.060799392973806e+01 -5.402256711999608e+00 -7.232990401489200e-01
4.072434921320436e+01 -5.496534246593892e+00 -8.953519898457937e-01
4.084070449667067e+01 -5.610132058769765e+00 -1.054956634588138e+00
4.095705978013697e+01 -5.741446843567191e+00 -1.199425125451826e+00
4.107341506360328e+01 -5.888556905045681e+00 -1.326003767922712e+00
4.118977034706958e+01 -6.049226822488841e+00 -1.432096422883064e+00
4.130612563053589e+01 -6.220941498715829e+00 -1.515540056788855e+00
4.142248091400219e+01 -6.400973160237162e+00 -1.574886565200868e+00
4.153883619746850e+01 -6.586478720357444e+00 -1.609632917383166e+00
4.165519148093480e+01 -6.774618195313307e+00 -1.620345045993857e+00
4.177154676440111e+01 -6.962679585298421e+00 -1.608642071068140e+00
4.188790204786741e+01 -7.148193612508296e+00 -1.577040689104611e+00
4.200425733133372e+01 -7.329023696464454e+00 -1.528692992780504e+00
4.212061261480002e+01 -7.503421830410884e+00 -1.467072530089701e+00
4.223696789826633e+01 -7.670047782533284e+00 -1.395666914159260e+00
4.235332318173263e+01 -7.827955226140788e+00 -1.317722768774332e+00
4.246967846519894e+01 -7.976552550718036e+00 -1.236067873386626e+00
4.258603374866524e+01 -8.115547752157239e+00 -1.153014553138038e+00
4.270238903213155e+01 -8.244886324870603e+00 -1.070333315503655e+00
4.281874431559785e+01 -8.364689290689263e+00 -9.892782241533535e-01
4.293509959906416e+01 -8.475196228434390e+00 -9.106443577473414e-01
4.305145488253046e+01 -8.576716019219651e+00 -8.348405207088238e-01
4.316781016599677e+01 -8.669586316764082e+00 -7.619648322952314e-01
4.328416544946307e+01 -8.754141578297652e+00 -6.918753068457392e-01
4.340052073292938e+01 -8.830688797966927e+00 -6.242512202733307e-01
4.351687601639568e+01 -8.899489758496259e+00 -5.586436861443793e-01
4.363323129986199e+01 -8.960748538256331e+00 -4.945155212513714e-01
4.374958658332829e+01 -9.014603078849683e+00 -4.312713835876004e-01
4.386594186679460e+01 -9.061119759095371e+00 -3.682795515426355e-01
4.398229715026091e+01 -9.100290086845952e+00 -3.048867823252276e-01
4.409865243372721e+01 -9.132028782720392e+00 -2.404275892352153e-01
4.421500771719352e+01 -9.156172676446932e+00 -1.742291138223646e-01
4.433136300065982e+01 -9.172479963683259e+00 -1.056126074019132e-01
4.444771828412613e+01 -9.180629481903956e+00 -3.389242131291861e-02
4.456407356759243e+01 -9.180219765582956e+00 4.162663090294566e-02
4.468042885105874e+01 -9.170767744297654e+00 1.216526049335480e-01
4.479678413452504e+01 -9.151707066802201e+00 2.069093065960214e-01
4.491313941799135e+01 -9.122386187736121e+00 2.981371932135656e-01
4.502949470145765e+01 -9.082066564287420e+00 3.960901634600688e-01
4.514584998492396e+01 -9.029921605787282e+00 5.015252388993829e-01
4.526220526839026e+01 -8.965037432208872e+00 6.151809867025573e-01
4.537856055185657e+01 -8.886417060745915e+00 7.377391169553573e-01
4.549491583532287e+01 -8.792990376404449e+00 8.697621624910300e-01
4.561127111878918e+01 -8.683633145332458e+00 1.011598917798405e+00
4.572762640225548e+01 -8.557199320646175e+00 1.163249216340302e+00
4.584398168572179e+01 -8.412571758047928e+00 1.324182160469646e+00
4.596033696918809e+01 -8.248736770657208e+00 1.493109373589163e+00
4.607669225265440e+01 -8.064886974610220e+00 1.667730029287391e+00
4.619304753612070e+01 -7.860553570805433e+00 1.844489412607087e+00
4.630940281958701e+01 -7.635762464886145e+00 2.018426076164693e+00
4.642575810305331e+01 -7.391197934414056e+00 2.183214738309011e+00
4.654211338651962e+01 -7.128344163799297e+00 2.331521838394139e+00
4.665846866998592e+01 -6.849563154360275e+00 2.455748977848649e+00
4.677482395345223e+01 -6.558064625259084e+00 2.549126895506214e+00
4.689117923691853e+01 -6.257737170647213e+00 2.606958863979629e+00
4.700753452038484e+01 -5.952842174320676e+00 2.627673333987075e+00
4.712388980385114e+01 -5.647613948103563e+00 2.613332661854299e+00
4.724024508731745e+01 -5.345842871878637e+00 2.569405612495472e+00
4.735660037078375e+01 -5.050525490572857e+00 2.503879007562710e+00
4.747295565425006e+01 -4.763642455531409e+00 2.426010240205725e+00
4.758931093771636e+01 -4.486084360852602e+00 2.345090324446548e+00
4.770566622118267e+01 -4.217706773565679e+00 2.269492457639811e+00
4.782202150464897e+01 -3.957473435582020e+00 2.206111330738729e+00
4.793837678811528e+01 -3.703643521315358e+00 2.160150639704446e+00
4.805473207158158e+01 -3.453969053598783e+00 2.135138209527323e+00
4.817108735504789e+01 -3.205883838873473e+00 2.133036011708914e+00
4.828744263851419e+01 -2.956679403877338e+00 2.154339199368202e+00
4.840379792198050e+01 -2.703673386929774e+00 2.198099678913092e+00
4.852015320544680e+01 -2.444380782402796e+00 2.261853800995691e+00
4.863650848891311e+01 -2.176698192518298e+00 2.341479232495555e+00
4.875286377237941e+01 -1.899105507708232e+00 2.431055109117735e+00
4.886921905584572e+01 -1.610877901465753e+00 2.522848753168722e+00
4.898557433931202e+01 -1.312284512747464e+00 2.607584291182000e+00
4.910192962277833e+01 -1.004732499389170e+00 2.675130241707572e+00
4.921828490624463e+01 -6.908042787099417e-01 2.715639851338768e+00
4.933464018971094e+01 -3.741421976397125e-01 2.720989065328010e+00
4.945099547317724e+01 -5.916522665688940e-02 2.686152922079224e+00
4.956735075664355e+01 2.493489787513957e-01 2.610072007113045e+00
4.968370604010985e+01 5.467362873643856e-01 2.495687459397630e+00
4.980006132357616e+01 8.288716557209531e-01 2.349131402048759e+00
4.991641660704246e+01 1.092464968414917e+00 2.178376541361570e+00
5.003277189050877e+01 1.335190087393141e+00 1.991794349253225e+00
5.014912717397507e+01 1.555659926677875e+00 1.796998084245504e+00
5.026548245744138e+01 1.753293132386826e+00 1.600148325998641e+00
5.038183774090768e+01 1.928126867967073e+00 1.405706572989869e+00
5.049819302437399e+01 2.080621236033640e+00 1.216513132561818e+00
5.061454830784029e+01 2.211484428967651e+00 1.034042491791154e+00
5.073090359130660e+01 2.321531976062715e+00 8.587179635845774e-01
5.084725887477290e+01 2.411582257457412e+00 6.902116703620790e-01
5.096361415823921e+01 2.482384210084406e+00 5.276945905996725e-01
5.107996944170552e+01 2.534570685803470e+00 3.700273924464625e-01
5.119632472517182e+01 2.568630771074313e+00 2.158970656627491e-01
5.131268000863813e+01 2.584895382242717e+00 6.391058806983151e-02
5.142903529210443e+01 2.583531886892768e+00 -8.734142799831673e-02
5.154539057557074e+01 2.564545001884623e+00 -2.392384496231280e-01
5.166174585903704e+01 2.527782645622770e+00 -3.930892380186000e-01
5.177810114250335e+01 2.472946762749429e+00 -5.500853235983352e-01
5.189445642596965e+01 2.399610427248890e+00 -7.112378085691821e-01
5.201081170943596e+01 2.307243785828518e+00 -8.772869017799808e-01
5.212716699290226e+01 2.195252579746121e+00 -1.048574811558770e+00
5.224352227636857e+01 2.063033897707071e+00 -1.224876206194811e+00
5.235987755983487e+01 1.910054071234537e+00 -1.405188542096993e+00
5.247623284330118e+01 1.735952558781374e+00 -1.587499615188581e+00
5.259258812676748e+01 1.540672357216399e+00 -1.768573243959672e+00
5.270894341023379e+01 1.324611006665690e+00 -1.943824013839148e+00
5.282529869370009e+01 1.088776319795909e+00 -2.107379139227271e+00
5.294165397716640e+01 8.349189310512205e-01 -2.252430509507145e+00
5.305800926063270e+01 5.656036510602633e-01 -2.371937886904583e+00
5.317436454409901e+01 2.841799733477591e-01 -2.459640442726450e+00
5.329071982756531e+01 -5.374656832844393e-03 -2.511188955453090e+00
5.340707511103162e+01 -2.987357957216452e-01 -2.525092865128285e+00
5.352343039449792e+01 -5.915968466589814e-01 -2.503171151382822e+00
5.363978567796423e+01 -8.800483738320862e-01 -2.450341128084141e+00
5.375614096143053e+01 -1.160896543606036e+00 -2.373814584995927e+00
5.387249624489684e+01 -1.431865958243982e+00 -2.281969226571592e+00
5.398885152836314e+01 -1.691668457418366e+00 -2.183225231445710e+00
5.410520681182945e+01 -1.939954317220733e+00 -2.085177381510060e+00
5.422156209529575e+01 -2.177183078625714e+00 -1.994086362476967e+00
5.433791737876206e+01 -2.404455233600665e+00 -1.914702189042500e+00
5.445427266222836e+01 -2.623338067354517e+00 -1.850321325000729e+00
5.457062794569467e+01 -2.835706243135132e+00 -1.802965346831875e+00
5.468698322916097e+01 -3.043605656888996e+00 -1.773589571905666e+00
5.480333851262728e+01 -3.249140252201483e+00 -1.762261713848850e+00
5.491969379609358e+01 -3.454376262251777e+00 -1.768279690511948e+00
5.503604907955989e+01 -3.661256108900770e+00 -1.790219850663087e+00
5.515240436302619e+01 -3.871514166585921e+00 -1.825923240086588e+00
5.526875964649250e+01 -4.086588286606595e+00 -1.872441073706139e+00
5.538511492995880e+01 -4.307524198891981e+00 -1.925973625761248e+00
5.550147021342511e+01 -4.534874631025888e+00 -1.981849227930303e+00
5.561782549689141e+01 -4.768600970533013e+00 -2.034598383762692e+00
5.573418078035772e+01 -5.007991673843733e+00 -2.078174993050173e+00
5.585053606382402e+01 -5.251616576399369e+00 -2.106353925871150e+00
5.596689134729033e+01 -5.497337178337516e+00 -2.113287779807585e+00
5.608324663075663e+01 -5.742387437923339e+00 -2.094143628561721e+00
5.619960191422294e+01 -5.983527006111661e+00 -2.045686266187761e+00
5.631595719768924e+01 -6.217251877780027e+00 -1.966658668950348e+00
5.643231248115555e+01 -6.440031930174516e+00 -1.857852221519820e+00
5.654866776462185e+01 -6.648537189658493e+00 -1.721848268262503e+00
5.666502304808816e+01 -6.839818337182916e+00 -1.562509904853543e+00
5.678137833155446e+01 -7.011420243772780e+00 -1.384364649672167e+00
5.689773361502077e+01 -7.161424510676407e+00 -1.192023146521147e+00
5.701408889848707e+01 -7.288431734947929e+00 -9.897365506159351e-01
5.713044418195338e+01 -7.391502668584417e+00 -7.811347350553560e-01
5.724679946541968e+01 -7.470079173543990e+00 -5.691361042864905e-01
5.736315474888599e+01 -7.523902879656166e+00 -3.559907255873587e-01
5.747951003235229e+01 -7.552944378990653e+00 -1.434108748282047e-01
5.759586531581860e+01 -7.557350703847838e+00 6.725105995055333e-02
5.771222059928490e+01 -7.537414781733678e+00 2.748067523821709e-01
5.782857588275121e+01 -7.493567709198491e+00 4.780383228736663e-01
5.794493116621751e+01 -7.426392682901557e+00 6.755220597811542e-01
5.806128644968382e+01 -7.336657721528467e+00 8.654843961162809e-01
5.817764173315012e+01 -7.225362406264175e+00 1.045708384399922e+00
5.829399701661643e+01 -7.093791496542746e+00 1.213513006579334e+00
5.841035230008274e+01 -6.943565576866143e+00 1.365828474395272e+00
5.852670758354904e+01 -6.776676510485875e+00 1.499383601656161e+00
5.864306286701535e+01 -6.595494554085152e+00 1.611003034323383e+00
5.875941815048165e+01 -6.402735835827922e+00 1.697983456132538e+00
5.887577343394796e+01 -6.201384359582955e+00 1.758486290304438e+00
5.899212871741426e+01 -5.994571375752100e+00 1.791863195121196e+00
5.910848400088057e+01 -5.785424823350715e+00 1.798833280033898e+00
5.922483928434687e+01 -5.576909412480099e+00 1.781462427965022e+00
5.934119456781318e+01 -5.371680817011471e+00 1.742946293719926e+00
5.945754985127948e+01 -5.171974193950180e+00 1.687249407276428e+00
5.957390513474579e+01 -4.979539103119631e+00 1.618683329988757e+00
5.969026041821209e+01 -4.795622897832327e+00 1.541508010075880e+00
5.980661570167840e+01 -4.620996025536107e+00 1.459617560654473e+00
5.992297098514470e+01 -4.456007462965558e+00 1.376338395748160e+00
6.003932626861101e+01 -4.300657091231399e+00 1.294337572902391e+00
6.015568155207731e+01 -4.154673306369896e+00 1.215619948002521e+00
6.027203683554362e+01 -4.017587184125946e+00 1.141585365349998e+00
6.038839211900992e+01 -3.888797849930014e+00 1.073118490633724e+00
6.050474740247623e+01 -3.767626571499930e+00 1.010689844645170e+00
6.062110268594253e+01 -3.653359171793512e+00 9.544537057801449e-01
6.073745796940884e+01 -3.545277649100216e+00 9.043348202651152e-01
6.085381325287514e+01 -3.442682541789697e+00 8.601005074307341e-01
6.097016853634145e+01 -3.344907782985536e+00 8.214177484010761e-01
6.108652381980775e+01 -3.251329730001434e+00 7.878965211750460e-01
6.120287910327406e+01 -3.161371855704973e+00 7.591213945290844e-01
6.131923438674036e+01 -3.074506340449587e+00 7.346735691650491e-01
6.143558967020667e+01 -2.990253554501739e+00 7.141454173094626e-01
6.155194495367297e+01 -2.908180197666193e+00 6.971492932297719e-01
6.166830023713928e+01 -2.827896675012902e+00 6.833220694894637e-01
6.178465552060558e+01 -2.749054136191868e+00 6.723265522689580e-01
6.190101080407189e+01 -2.671341487223525e+00 6.638506689151704e-01
6.201736608753819e+01 -2.594482592480464e+00 6.576051099860190e-01
6.213372137100450e+01 -2.518233815105231e+00 6.533199453024681e-01
6.225007665447080e+01 -2.442381991020191e+00 6.507406136198596e-01
6.236643193793711e+01 -2.366742890380680e+00 6.496236017129146e-01
6.248278722140341e+01 -2.291160187009090e+00 6.497320739901913e-01
6.259914250486972e+01 -2.215504928024064e+00 6.508316815878201e-01
6.271549778833602e+01 -2.139675470292978e+00 6.526867639891338e-01
6.283185307180233e+01 -2.063597825946151e+00 6.550571505642001e-01
6.294820835526863e+01 -1.987226335151360e+00 6.576957680704595e-01
6.306456363873494e+01 -1.910544560504756e+00 6.603472571107553e-01
6.318091892220124e+01 -1.833566274295158e+00 6.627477898303202e-01
6.329727420566755e+01 -1.756336388771045e+00 6.646262570604238e-01
6.341362948913385e+01 -1.678931662232852e+00 6.657069508043185e-01
6.352998477260016e+01 -1.601461002621887e+00 6.657138040929610e-01
6.364634005606646e+01 -1.524065187867916e+00 6.643761639502580e-01
6.376269533953277e+01 -1.446915831091596e+00 6.614359669614536e-01
6.387905062299907e+01 -1.370213440825388e+00 6.566560671284578e-01
6.399540590646538e+01 -1.294184462727363e+00 6.498293427256225e-01
6.411176118993168e+01 -1.219077239412314e+00 6.407880964519497e-01
6.422811647339799e+01 -1.145156886894179e+00 6.294131767503185e-01
6.434447175686429e+01 -1.072699155818229e+00 6.156422025291162e-01
6.446082704033060e+01 -1.001983417706489e+00 5.994762800439054e-01
6.457718232379690e+01 -9.332849843981420e-01 5.809846646872777e-01
6.469353760726321e+01 -8.668670261179044e-01 5.603069393662331e-01
6.480989289072951e+01 -8.029723943049812e-01 5.376524442893570e-01
6.492624817419582e+01 -7.418156753081517e-01 5.132968827293229e-01
6.504260345766212e+01 -6.835757984423536e-01 4.875762219991837e-01
6.515895874112843e+01 -6.283894974312501e-01 4.608781864741843e-01
6.527531402459473e+01 -5.763458810475388e-01 4.336317814032287e-01
6.539166930806104e+01 -5.274823117460545e-01 4.062953801925398e-01
6.550802459152735e+01 -4.817817261874366e-01 3.793439492650313e-01
6.562437987499365e+01 -4.391714647757310e-01 3.532559765047664e-01
6.574073515845996e+01 -3.995236139692432e-01 3.285006206360154e-01
6.585709044192626e+01 -3.626568091863901e-01 3.055255221239095e-01
6.597344572539257e+01 -3.283394001060539e-01 2.847456246933713e-01
6.608980100885887e+01 -2.962938450443395e-01 2.665332624350890e-01
6.620615629232518e+01 -2.662021766079144e-01 2.512096800689084e-01
6.632251157579148e+01 -2.377123658103200e-01 2.390380793236965e-01
6.643886685925779e+01 -2.104454046074741e-01 2.302182254597529e-01
6.655522214272409e+01 -1.840029254967351e-01 2.248826050529084e-01
6.667157742619040e+01 -1.579751796331028e-01 2.230940979001366e-01
6.678793270965670e+01 -1.319492002718231e-01 2.248451099599517e-01
6.690428799312301e+01 -1.055169849729432e-01 2.300581078802238e-01
6.702064327658931e+01 -7.828353694861601e-02 2.385874960731549e-01
6.713699856005562e+01 -4.987461257566980e-02 2.502227816282507e-01
6.725335384352192e+01 -1.994402814749572e-02 2.646929776615577e-01
6.736970912698823e+01 1.181961553185467e-02 2.816721988316164e-01
6.748606441045453e+01 4.568692665540904e-02 3.007864003532008e-01
6.760241969392084e+01 8.188256374845632e-02 3.216212005394824e-01
6.771877497738714e+01 1.205810463584634e-01 3.437307037447706e-01
6.783513026085345e+01 1.619036449443077e-01 3.666472036541630e-01
6.795148554431975e+01 2.059164430127009e-01 3.898915960589431e-01
6.806784082778606e+01 2.526296411350273e-01 4.129842679417606e-01
6.818419611125236e+01 3.019981413851037e-01 4.354561611658365e-01
6.830055139471867e+01 3.539234116934615e-01 4.568596424771507e-01
6.841690667818497e+01 4.082565834285887e-01 4.767787572231340e-01
6.853326196165128e+01 4.648026842678203e-01 4.948384133062745e-01
6.864961724511758e+01 5.233258554400460e-01 5.107120444586539e-01
6.876597252858389e+01 5.835553520382474e-01 5.241273447396702e-01
6.888232781205019e+01 6.451920821501445e-01 5.348697509130013e-01
6.899868309551650e+01 7.079154097187023e-01 5.427834715271566e-01
6.911503837898280e+01 7.713899311083214e-01 5.477700104252720e-01
6.923139366244911e+01 8.352719385627280e-01 5.497842925497624e-01
6.934774894591541e+01 8.992153053737398e-01 5.488286534140433e-01
6.946410422938172e+01 9.628765658405239e-01 5.449450832508586e-01
6.958045951284802e+01 1.025919014366264e+00 5.382062089245091e-01
6.969681479631433e+01 1.088015707415689e+00 5.287055432162771e-01
6.981317007978063e+01 1.148851314098387e+00 5.165475307050521e-01
6.992952536324694e+01 1.208122820622320e+00 5.018378770968558e-01
7.004588064671324e+01 1.265539146425235e+00 4.846745742684722e-01
7.016223593017955e+01 1.320819772401597e+00 4.651399389876347e-01
7.027859121364585e+01 1.373692512769289e+00 4.432938823052395e-01
7.039494649711216e+01 1.423890581690790e+00 4.191685307150787e-01
7.051130178057846e+01 1.471149114929547e+00 3.927642385129849e-01
7.062765706404477e+01 1.515201307623985e+00 3.640469694289407e-01
7.074401234751107e+01 1.555774324266577e+00 3.329469876065380e-01
7.086036763097738e+01 1.592585128955291e+00 2.993587839300304e-01
7.097672291444368e+01 1.625336375668094e+00 2.631421723805882e-01
7.109307819790999e+01 1.653712492228032e+00 2.241245204144525e-01
7.120943348137629e+01 1.677376090035917e+00 1.821041248648270e-01
7.132578876484260e+01 1.695964836529991e+00 1.368548082494778e-01
7.144214404830890e+01 1.709088940408323e+00 8.813188748448728e-02
7.155849933177521e+01 1.716329422392274e+00 3.567975561623508e-02
7.167485461524151e+01 1.717237377886053e+00 -2.075858586648705e-02
7.179120989870782e+01 1.711334482981474e+00 -8.142960676927956e-02
7.190756518217412e+01 1.698115051677050e+00 -1.465544099247412e-01
7.202392046564043e+01 1.677050018166303e+00 -2.163103768867496e-01
7.214027574910673e+01 1.647593289166349e+00 -2.908086853982689e-01
7.225663103257304e+01 1.609190978792498e+00 -3.700671712397011e-01
7.237298631603934e+01 1.561294087354081e+00 -4.539782556606495e-01
7.248934159950565e+01 1.503375191823972e+00 -5.422721570275439e-01
7.260569688297196e+01 1.434949645025945e+00 -6.344764493887914e-01
7.272205216643826e+01 1.355601587049459e+00 -7.298743098298823e-01
7.283840744990457e+01 1.265014702592902e+00 -8.274655450265740e-01
7.295476273337087e+01 1.163007060969264e+00 -9.259366125669803e-01
7.307111801683718e+01 1.049568523221522e+00 -1.023648040082261e+00
7.318747330030348e+01 9.248981188683674e-01 -1.118649273166139e+00
7.330382858376979e+01 7.894376003499868e-01 -1.208731110808538e+00
7.342018386723609e+01 6.438963148036114e-01 -1.291523414115543e+00
7.353653915070240e+01 4.892619476766801e-01 -1.364639849743937e+00
7.365289443416870e+01 3.267920025952300e-01 -1.425862083975625e+00
7.376924971763501e+01 1.579824128110445e-01 -1.473344598506002e+00
7.388560500110131e+01 -1.548751686256906e-02 -1.505811303437659e+00
7.400196028456762e+01 -1.918309389852424e-01 -1.522710371443037e+00
7.411831556803392e+01 -3.692433798869913e-01 -1.524297352933380e+00
7.423467085150023e+01 -5.459972238724299e-01 -1.511629071557035e+00
7.435102613496653e+01 -7.205302321179391e-01 -1.486468894241513e+00
7.446738141843284e+01 -8.915187137570493e-01 -1.451122035071439e+00
7.458373670189914e+01 -1.057928932358933e+00 -1.408231883709652e+00
7.470009198536545e+01 -1.219044226343822e+00 -1.360571763346020e+00
7.481644726883175e+01 -1.374469099090897e+00 -1.310861426802300e+00
7.493280255229806e+01 -1.524114370013343e+00 -1.261627176683047e+00
7.504915783576436e+01 -1.668168989973072e+00 -1.215112820053989e+00
7.516551311923067e+01 -1.807064369171642e+00 -1.173238967775672e+00
7.528186840269697e+01 -1.941436380878608e+00 -1.137602029346234e+00
7.539822368616328e+01 -2.072089015922875e+00 -1.109501661836086e+00
7.551457896962958e+01 -2.199962339229220e+00 -1.089985510473275e+00
7.563093425309589e+01 -2.326106183745796e+00 -1.079901660005431e+00
7.574728953656219e+01 -2.451660021910804e+00 -1.079951284293219e+00
7.586364482002850e+01 -2.577838693273612e+00 -1.090735841954165e+00
7.598000010349480e+01 -2.705923089944448e+00 -1.112794436993470e+00
7.609635538696111e+01 -2.837254430096518e+00 -1.146627494809887e+00
7.621271067042741e+01 -2.973230296410886e+00 -1.192702692495236e+00
7.632906595389372e+01 -3.115300099554513e+00 -1.251438228016550e+00
7.644542123736002e+01 -3.264956983044615e+00 -1.323157235375175e+00
7.656177652082633e+01 -3.423722388137830e+00 -1.408005879848337e+00
7.667813180429263e+01 -3.593118588160535e+00 -1.505827199496085e+00
7.679448708775894e+01 -3.774623648845198e+00 -1.615984488955129e+00
7.691084237122524e+01 -3.969602848355190e+00 -1.737134106827300e+00
7.702719765469155e+01 -4.179211262976424e+00 -1.866960810682301e+00
7.714355293815785e+01 -4.404264976270478e+00 -2.001911520602993e+00
7.725990822162416e+01 -4.645084337893569e+00 -2.136995407807231e+00
7.737626350509046e+01 -4.901322617016455e+00 -2.265752053100544e+00
7.749261878855677e+01 -5.171806526277104e+00 -2.380506713569359e+00
7.760897407202307e+01 -5.454427925189653e+00 -2.473004310653606e+00
7.772532935548938e+01 -5.746131800701169e+00 -2.535417855664241e+00
7.784168463895568e+01 -6.043036432575862e+00 -2.561571140840554e+00
7.795803992242199e+01 -6.340693638570723e+00 -2.548062958104541e+00
7.807439520588829e+01 -6.634456291005707e+00 -2.494931160464603e+00
7.819075048935460e+01 -6.919883577453667e+00 -2.405615949429167e+00
7.830710577282090e+01 -7.193100404685289e+00 -2.286233287741981e+00
7.842346105628721e+01 -7.451043730276727e+00 -2.144415218657963e+00
7.853981633975351e+01 -7.691566494149376e+00 -1.988082220942488e+00
7.865617162321982e+01 -7.913410217502125e+00 -1.824452467132740e+00
7.877252690668612e+01 -8.116084101732625e+00 -1.659435859018878e+00
7.888888219015243e+01 -8.299696290452216e+00 -1.497406855273446e+00
7.900523747361873e+01 -8.464776244054468e+00 -1.341258979885799e+00
7.912159275708504e+01 -8.612113965358295e+00 -1.192620718850885e+00
7.923794804055134e+01 -8.742628697710124e+00 -1.052132239121627e+00
7.935430332401765e+01 -8.857269996058841e+00 -9.197170456615784e-01
7.947065860748395e+01 -8.956948339248134e+00 -7.948146314708482e-01
7.958701389095026e+01 -9.042489907798705e+00 -6.765626182903126e-01
7.970336917441657e+01 -9.114609645086183e+00 -5.639297738299366e-01
7.981972445788287e+01 -9.173897276570056e+00 -4.558071652219718e-01
7.993607974134918e+01 -9.220811930835623e+00 -3.510663400100745e-01
8.005243502481548e+01 -9.255682024217450e+00 -2.485929166197258e-01
8.016879030828179e+01 -9.278707972262296e+00 -1.473026357060348e-01
8.028514559174809e+01 -9.289966027273556e+00 -4.614549160286294e-02
8.040150087521440e+01 -9.289412122379980e+00 5.589762992464567e-02
8.051785615868070e+01 -9.276885066007644e+00 1.598222006475805e-01
8.063421144214701e+01 -9.252108822653968e+00 2.666079843252167e-01
8.075056672561331e+01 -9.214693985106164e+00 3.772244409191625e-01
8.086692200907962e+01 -9.164138938674396e+00 4.926299491713210e-01
8.098327729254592e+01 -9.099831688501808e+00 6.137603436932869e-01
8.109963257601223e+01 -9.021053913480340e+00 7.415010299635483e-01
8.121598785947853e+01 -8.926989562719461e+00 8.766354588985410e-01
8.133234314294484e+01 -8.816741234815920e+00 1.019761352657009e+00
8.144869842641114e+01 -8.689358628035153e+00 1.171165505781731e+00
8.156505370987745e+01 -8.543884353577482e+00 1.330649597152834e+00
8.168140899334375e+01 -8.379422992296707e+00 1.497305420753808e+00
8.179776427681006e+01 -8.195238775569885e+00 1.669251184684126e+00
8.191411956027636e+01 -7.990884669991316e+00 1.843363736341447e+00
8.203047484374267e+01 -7.766359739737020e+00 2.015074732623895e+00
8.214683012720897e+01 -7.522281611420431e+00 2.178334779696506e+00
8.226318541067528e+01 -7.260047309477942e+00 2.325869635153827e+00
8.237954069414158e+01 -6.981942181230401e+00 2.449826982007044e+00
8.249589597760789e+01 -6.691150090882907e+00 2.542814691939880e+00
8.261225126107419e+01 -6.391627007901858e+00 2.599168488946912e+00
8.272860654454050e+01 -6.087828962930722e+00 2.616123689133890e+00
8.284496182800680e+01 -5.784328017980141e+00 2.594509305820556e+00
8.296131711147311e+01 -5.485388884681750e+00 2.538707058206544e+00
8.307767239493941e+01 -5.194594107776872e+00 2.455883558206197e+00
8.319402767840572e+01 -4.914588659956259e+00 2.354766213192445e+00
8.331038296187202e+01 -4.646974739650957e+00 2.244349405587629e+00
8.342673824533833e+01 -4.392344831265227e+00 2.132852778999508e+00
8.354309352880463e+01 -4.150412978331197e+00 2.027085201278297e+00
8.365944881227094e+01 -3.920196365587296e+00 1.932203793609391e+00
8.377580409573724e+01 -3.700206916400963e+00 1.851761056105822e+00
8.389215937920355e+01 -3.488627031397365e+00 1.787909512419853e+00
8.400851466266985e+01 -3.283457797681323e+00 1.741655154730571e+00
8.412486994613616e+01 -3.082638505635051e+00 1.713088448978851e+00
8.424122522960246e+01 -2.884142505762790e+00 1.701556337091535e+00
8.435758051306877e+01 -2.686057121765252e+00 1.705764031275293e+00
8.447393579653507e+01 -2.486655599447529e+00 1.723812075897941e+00
8.459029108000138e+01 -2.284467743694655e+00 1.753185399270711e+00
8.470664636346768e+01 -2.078353422416688e+00 1.790719926903856e+00
8.482300164693399e+01 -1.867579674989940e+00 1.832580166790800e+00
8.493935693040029e+01 -1.651897902378645e+00 1.874287040949400e+00
8.505571221386660e+01 -1.431612944347693e+00 1.910835694933793e+00
8.517206749733290e+01 -1.207631678624110e+00 1.936933094185605e+00
8.528842278079921e+01 -9.814765726395206e-01 1.947360971744124e+00
8.540477806426551e+01 -7.552510510800405e-01 1.937432256383711e+00
8.552113334773182e+01 -5.315496757849260e-01 1.903468111637216e+00
8.563748863119812e+01 -3.133164294959948e-01 1.843195380011787e+00
8.575384391466443e+01 -1.036662082282145e-01 1.755967699809842e+00
8.587019919813073e+01 9.430611100487013e-02 1.642753375473546e+00
8.598655448159704e+01 2.777016034611963e-01 1.505896303360951e+00
8.610290976506334e+01 4.439552201029279e-01 1.348716690652432e+00
8.621926504852965e+01 5.909227322036769e-01 1.175051568129419e+00
8.633562033199595e+01 7.169155317136996e-01 9.888322391871329e-01
8.645197561546226e+01 8.206918521671241e-01 7.937656132427645e-01
8.656833089892856e+01 9.014184599116466e-01 5.931466873583305e-01
8.668468618239487e+01 9.586179778441705e-01 3.897959690580378e-01
8.680104146586118e+01 9.921149864307436e-01 1.860957927664390e-01
8.691739674932748e+01 1.001990516396508e+00 -1.590725014204877e-02
8.703375203279379e+01 9.885507757180985e-01 -2.143648807592520e-01
8.715010731626009e+01 9.523126068811814e-01 -4.074809450121438e-01
8.726646259972640e+01 8.940053912580987e-01 -5.933782484372085e-01
8.738281788319270e+01 8.145867539158732e-01 -7.699975800877271e-01
8.749917316665901e+01 7.152672708523460e-01 -9.350468383198481e-01
8.761552845012531e+01 5.975373839036074e-01 -1.086016366459734e+00
8.773188373359162e+01 4.631880992404406e-01 -1.220271656943779e+00
8.784823901705792e+01 3.143162871926862e-01 -1.335224301040902e+00
8.796459430052423e+01 1.533061789093789e-01 -1.428566122760232e+00
8.808094958399053e+01 -1.721850418596723e-02 -1.498532696284469e+00
8.819730486745684e+01 -1.944724555568992e-01 -1.544147077246270e+00
8.831366015092314e+01 -3.756112689897608e-01 -1.565390052577211e+00
8.843001543438945e+01 -5.578472948396234e-01 -1.563254415181057e+00
8.854637071785575e+01 -7.385640904329033e-01 -1.539666328599695e+00
8.866272600132206e+01 -9.154145573025410e-01 -1.497288555839006e+00
8.877908128478836e+01 -1.086391219097409e+00 -1.439246776833038e+00
8.889543656825467e+01 -1.249862770826439e+00 -1.368832591041340e+00
8.901179185172097e+01 -1.404577187400986e+00 -1.289232950261361e+00
8.912814713518728e+01 -1.549636638148567e+00 -1.203320157424674e+00
8.924450241865358e+01 -1.684452280313970e+00 -1.113516828740619e+00
8.936085770211989e+01 -1.808687635070433e+00 -1.021733106884752e+00
8.947721298558619e+01 -1.922198233440240e+00 -9.293625214104777e-01
8.959356826905250e+01 -2.024973327257201e+00 -8.373185700804509e-01
8.970992355251880e+01 -2.117083372835110e+00 -7.460947034952354e-01
8.982627883598511e+01 -2.198635157469591e+00 -6.558337252821700e-01
8.994263411945141e+01 -2.269735053912159e+00 -5.663968143127499e-01
9.005898940291772e+01 -2.330459981351978e+00 -4.774262683843916e-01
9.017534468638402e+01 -2.380835152328648e+00 -3.883991359418208e-01
9.029169996985033e+01 -2.420817489001278e+00 -2.986710553826459e-01
9.040805525331663e+01 -2.450283599768647e+00 -2.075110013965969e-01
9.052441053678294e+01 -2.469021341124817e+00 -1.141284680651899e-01
9.064076582024924e+01 -2.476724199129368e+00 -1.769512260794071e-02
9.075712110371555e+01 -2.472987983399257e+00 8.263666993582924e-02
9.087347638718185e+01 -2.457309626868727e+00 1.877156782886700e-01
9.098983167064816e+01 -2.429088233613281e+00 2.983707426091531e-01
9.110618695411446e+01 -2.387628930389503e+00 4.153829367483518e-01
9.122254223758077e+01 -2.332150572825407e+00 5.394463073163640e-01
9.133889752104707e+01 -2.261798943960502e+00 6.711117695712354e-01
9.145525280451338e+01 -2.175667745875804e+00 8.107082734496008e-01
9.157160808797968e+01 -2.072830357527999e+00 9.582357886420864e-01
9.168796337144599e+01 -1.952385855273763e+00 1.113226984752981e+00
9.180431865491229e+01 -1.813522868421733e+00 1.274580112198879e+00
9.192067393837860e+01 -1.655603992338342e+00 1.440376124105339e+00
9.203702922184490e+01 -1.478271064659265e+00 1.607709529980394e+00
9.215338450531121e+01 -1.281566975780858e+00 1.772583630127149e+00
9.226973978877751e+01 -1.066062565444575e+00 1.929940866543691e+00
9.238609507224382e+01 -8.329683209050150e-01 2.073905902538201e+00
9.250245035571012e+01 -5.842025322167645e-01 2.198295995388477e+00
9.261880563917643e+01 -3.223845906915222e-01 2.297387828330578e+00
9.273516092264273e+01 -5.072901500852722e-02 2.366829394341019e+00
9.285151620610904e+01 2.271652645385614e-01 2.404487868584497e+00
9.296787148957534e+01 5.076085426526133e-01 2.410988464968681e+00
9.308422677304165e+01 7.871494426141313e-01 2.389766728913513e+00
9.320058205650795e+01 1.062879824645222e+00 2.346611592237867e+00
9.331693733997426e+01 1.332663268430398e+00 2.288843918548613e+00
9.343329262344056e+01 1.595258292403452e+00 2.224370895897123e+00
9.354964790690687e+01 1.850335762887148e+00 2.160845045063003e+00
9.366600319037317e+01 2.098411800323549e+00 2.105066357606032e+00
9.378235847383948e+01 2.340727141923600e+00 2.062656541222079e+00
9.389871375730579e+01 2.579102138949953e+00 2.037952730472805e+00
9.401506904077209e+01 2.815787833200912e+00 2.034030312651927e+00
9.413142432423840e+01 3.053322661865457e+00 2.052762579982053e+00
9.424777960770470e+01 3.294394521793941e+00 2.094842826154081e+00
9.436413489117101e+01 3.541700732841812e+00 2.159720438991683e+00
9.448049017463731e+01 3.797794516855994e+00 2.245432832128594e+00
9.459684545810362e+01 4.064906588897627e+00 2.348352702501854e+00
9.471320074156992e+01 4.344735493498746e+00 2.462919972396190e+00
9.482955602503623e+01 4.638211876791232e+00 2.581488793124187e+00
9.494591130850253e+01 4.945260454991608e+00 2.694474668508786e+00
9.506226659196884e+01 5.264606111898249e+00 2.790993835580462e+00
9.517862187543514e+01 5.593688596681244e+00 2.860091819987513e+00
9.529497715890145e+01 5.928749745423374e+00 2.892435549754385e+00
9.541133244236775e+01 6.265125944093405e+00 2.882059901799420e+00
9.552768772583406e+01 6.597718791250069e+00 2.827585800737161e+00
9.564404300930036e+01 6.921552138624336e+00 2.732433266309760e+00
9.576039829276667e+01 7.232288717250412e+00 2.603938384253037e+00
9.587675357623297e+01 7.526595675971836e+00 2.451726932429824e+00
9.599310885969928e+01 7.802305819301949e+00 2.285928620318471e+00
9.610946414316558e+01 8.058387495453230e+00 2.115738890824143e+00
9.622581942663189e+01 8.294780530441423e+00 1.948570630635948e+00
9.634217471009819e+01 8.512167789191508e+00 1.789776369820941e+00
9.645852999356450e+01 8.711739865525644e+00 1.642775083874976e+00
9.657488527703080e+01 8.894988592632219e+00 1.509390981257682e+00
9.669124056049711e+01 9.063544719012713e+00 1.390253854591043e+00
9.680759584396341e+01 9.219061106408654e+00 1.285170886318799e+00
9.692395112742972e+01 9.363135403684502e+00 1.193429937752268e+00
9.704030641089602e+01 9.497263531159053e+00 1.114026254105684e+00
9.715666169436233e+01 9.622815437440057e+00 1.045820658373342e+00
9.727301697782863e+01 9.741025942652378e+00 9.876431213703668e-01
9.738937226129494e+01 9.852995149249743e+00 9.383558705025968e-01
9.750572754476124e+01 9.959694440125563e+00 8.968881076807516e-01
9.762208282822755e+01 1.006197533147445e+01 8.622516996744164e-01
9.773843811169385e+01 1.016057938735156e+01 8.335446939647770e-01
9.785479339516016e+01 1.025614807715274e+01 8.099474845589447e-01
9.797114867862646e+01 1.034923192560741e+01 7.907149346674263e-01
9.808750396209277e+01 1.044029862307262e+01 7.751666835423534e-01
9.820385924555907e+01 1.052973997714276e+01 7.626771233851449e-01
9.832021452902538e+01 1.061787772860234e+01 7.526660351411144e-01
9.843656981249168e+01 1.070496834929736e+01 7.445905418745800e-01
9.855292509595799e+01 1.079120700238190e+01 7.379388156768878e-01
9.866928037942429e+01 1.087673088640469e+01 7.322258145997249e-01
9.878563566289060e+01 1.096162220925584e+01 7.269911984630333e-01
9.890199094635690e+01 1.104591104847941e+01 7.217994554101889e-01
9.901834622982321e+01 1.112957835131203e+01 7.162421523694934e-01
9.913470151328951e+01 1.121255931048792e+01 7.099420974852262e-01
9.925105679675582e+01 1.129474731968546e+01 7.025590734358360e-01
9.936741208022212e+01 1.137599866544199e+01 6.937966756823042e-01
9.948376736368843e+01 1.145613805163690e+01 6.834096818493546e-01
9.960012264715473e+01 1.153496498108133e+01 6.712113025651193e-01
9.971647793062104e+01 1.161226094092344e+01 6.570796343536933e-01
9.983283321408734e+01 1.168779726049995e+01 6.409626618671040e-01
9.994918849755365e+01 1.176134343878826e+01 6.228812434504848e-01

